0
0
0
0
0
0
0
0
0
0
0
0
0
0
0
0
0
0
0
0
0
1.55259199880918e-20
2.71896480054319e-18
1.05968205758760e-17
3.24844679159211e-17
7.62368496930436e-17
1.60939026070285e-16
3.02105523824797e-16
5.18451979294971e-16
8.18835114561086e-16
1.18704764239170e-15
1.58760084106055e-15
1.90037156848246e-15
1.97310205249845e-15
1.46530781232275e-15
-9.13225925104264e-18
-3.18958387804900e-15
-8.89092961173276e-15
-1.82538107350826e-14
-3.24263151865647e-14
-5.29805962556224e-14
-8.14227903308228e-14
-1.19759115276528e-13
-1.69548606382929e-13
-2.32887222961081e-13
-3.11916697982514e-13
-4.09560325107319e-13
-5.28508606236627e-13
-6.71499314486290e-13
-8.41473483774446e-13
-1.03967355558066e-12
-1.26806161057647e-12
-1.52450773359403e-12
-1.80777300681084e-12
-2.11307685758777e-12
-2.43611467803939e-12
-2.76724888663427e-12
-3.09613923041296e-12
-3.40490548082772e-12
-3.67242000698376e-12
-3.86222217402255e-12
-3.93343300639226e-12
-3.95642936815155e-12
-3.98897971945478e-12
-3.99569830347724e-12
-3.91344118569337e-12
-3.68341598541710e-12
-3.30984783851462e-12
-2.85132334409965e-12
-2.55468194342023e-12
-2.79943234392233e-12
-3.92436820886855e-12
-6.28247020378892e-12
-1.02393744524920e-11
-1.61266052595144e-11
-2.42408992184862e-11
-3.47007561574131e-11
-4.76429243279064e-11
-6.34322733228387e-11
-8.22911322417852e-11
-1.04399926204035e-10
-1.29974891960316e-10
-1.59255469922570e-10
-1.92513852081966e-10
-2.29986377164870e-10
-2.72038613857717e-10
-3.18953891076390e-10
-3.71116554154227e-10
-4.28971885790830e-10
-4.92793972295402e-10
-5.62817181748443e-10
-6.39252262235601e-10
-7.22271298325694e-10
-8.11874234507570e-10
-9.08225050721967e-10
-1.01161423682328e-09
-1.12223108583720e-09
-1.24042298654814e-09
-1.36666400418761e-09
-1.50136181265026e-09
-1.64474411867843e-09
-1.79702830394035e-09
-1.95838345540267e-09
-2.12894080142689e-09
-2.30897767572458e-09
-2.49862952550473e-09
-2.69793898333148e-09
-2.90698176641513e-09
-3.12572190352967e-09
-3.35412164709226e-09
-3.59222585011310e-09
-3.84000653497196e-09
-4.09745304352782e-09
-4.36474589804448e-09
-4.64215688111835e-09
-4.93011942381827e-09
-5.22925835966248e-09
-5.54041124090077e-09
-5.86454840245665e-09
-6.20256024319588e-09
-6.55529186488479e-09
-6.92362389642653e-09
-7.30850668873018e-09
-7.71096075879996e-09
-8.13225309315158e-09
-8.57362092432368e-09
-9.03633345927801e-09
-9.52186951508338e-09
-1.00315089568426e-08
-1.05665831640067e-08
-1.11285398673999e-08
-1.17189431492193e-08
-1.23394201523297e-08
-1.29915385116419e-08
-1.36770559322486e-08
-1.43976830457859e-08
-1.51549688354180e-08
-1.59504320862425e-08
-1.67856235577801e-08
-1.76622894088041e-08
-1.85822184306517e-08
-1.95470573061129e-08
-2.05585699575295e-08
-2.16185878088027e-08
-2.27288392551372e-08
-2.38910651262358e-08
-2.51071323731367e-08
-2.63790198573588e-08
-2.77086371625046e-08
-2.90980217698689e-08
-3.05491880681075e-08
-3.20640722861754e-08
-3.36448096049935e-08
-3.52934321767862e-08
-3.70121071568974e-08
-3.88030976239406e-08
-4.06685352061231e-08
-4.26106048223573e-08
-4.46313599411496e-08
-4.67328362674380e-08
-4.89173288542588e-08
-5.11871469655034e-08
-5.35446140759177e-08
-5.59921673470853e-08
-5.85320982793292e-08
-6.11667729799592e-08
-6.38986961121191e-08
-6.67304576040806e-08
-6.96647646236670e-08
-7.27043101278468e-08
-7.58518012844434e-08
-7.91099452612798e-08
-8.24815344913077e-08
-8.59695035160257e-08
-8.95766305575307e-08
-9.33058572627488e-08
-9.71602318600162e-08
-1.01142745734251e-07
-1.05256596327763e-07
-1.09504860290599e-07
-1.13890592956523e-07
-1.18416899397289e-07
-1.23086721259824e-07
-1.27902964663917e-07
-1.32868819946452e-07
-1.37987484549740e-07
-1.43262056440108e-07
-1.48695903590124e-07
-1.54292351339791e-07
-1.60054895559369e-07
-1.65987046329974e-07
-1.72092285311010e-07
-1.78374250481284e-07
-1.84836807193278e-07
-1.91483763956057e-07
-1.98318915067830e-07
-2.05346168513643e-07
-2.12569261748286e-07
-2.19991818539711e-07
-2.27617533710145e-07
-2.35450201557796e-07
-2.43493673224293e-07
-2.51751856694682e-07
-2.60228716797428e-07
-2.68928175728433e-07
-2.77854184105308e-07
-2.87010692545664e-07
-2.96401623245401e-07
-3.06030869978713e-07
-3.15902298098081e-07
-3.26019744534278e-07
-3.36387188326626e-07
-3.47008693779571e-07
-3.57888438884402e-07
-3.69030715319241e-07
-3.80439814762212e-07
-3.92120000469731e-07
-4.04075848337016e-07
-4.16311905837574e-07
-4.28832663601497e-07
-4.41642583837165e-07
-4.54746071909540e-07
-4.68147817400677e-07
-4.81852509892633e-07
-4.95864981076011e-07
-5.10190261593380e-07
-5.24833410509018e-07
-5.39799032139854e-07
-5.55092128706747e-07
-5.70717645587138e-07
-5.86680357628211e-07
-6.02985380737664e-07
-6.19637717136357e-07
-6.36642539575405e-07
-6.54004793432250e-07
-6.71729651458008e-07
-6.89822229560377e-07
-7.08287757333892e-07
-7.27131521216506e-07
-7.46358978176431e-07
-7.65975698868715e-07
-7.85987197104987e-07
-8.06399214070552e-07
-8.27217320420459e-07
-8.48447029966337e-07
-8.70094368110586e-07
-8.92165189725347e-07
-9.14665349682764e-07
-9.37600702854979e-07
-9.60977104114136e-07
-9.84800635706051e-07
-1.00907686828577e-06
-1.03381182725570e-06
-1.05901119695773e-06
-1.08468134385475e-06
-1.11082817966235e-06
-1.13745784346975e-06
-1.16457613330567e-06
-1.19218918825936e-06
-1.22030314742005e-06
-1.24892403619015e-06
-1.27805799365888e-06
-1.30771138628916e-06
-1.33789058054390e-06
-1.36860182919918e-06
-1.39985127134423e-06
-1.43164527344197e-06
-1.46399020195531e-06
-1.49689276440768e-06
-1.53035921357514e-06
-1.56439625698113e-06
-1.59901037477539e-06
-1.63420816079451e-06
-1.66999598150142e-06
-1.70638043073268e-06
-1.74336821601173e-06
-1.78096604486200e-06
-1.81918051112007e-06
-1.85801832230936e-06
-1.89748629964015e-06
-1.93759137800953e-06
-1.97834015125409e-06
-2.01973989533144e-06
-2.06179674933082e-06
-2.10451798920985e-06
-2.14790998143144e-06
-2.19198000195320e-06
-2.23673396249069e-06
-2.28217913900153e-06
-2.32832258006965e-06
-2.37517065215798e-06
-2.42273108597146e-06
-2.47101070272038e-06
-2.52001632361498e-06
-2.56975545198657e-06
-2.62023536379274e-06
-2.67146310761746e-06
-2.72344641416566e-06
-2.77619210464763e-06
-2.82970790976833e-06
-2.88400087811169e-06
-2.93907851300901e-06
-2.99494854516524e-06
-3.05161779579066e-06
-3.10909445033758e-06
-3.16738533001626e-06
-3.22649771078432e-06
-3.28643909597304e-06
-3.34721607941901e-06
-3.40883639182721e-06
-3.47130685440789e-06
-3.53463451574498e-06
-3.59882665179612e-06
-3.66389008377155e-06
-3.72983208762889e-06
-3.79665948457841e-06
-3.86437932320405e-06
-3.93299933421076e-06
-4.00252702092985e-06
-4.07296874982421e-06
-4.14433270634618e-06
-4.21662571170600e-06
-4.28985504186130e-06
-4.36402888226439e-06
-4.43915405412554e-06
-4.51523828814970e-06
-4.59228931504185e-06
-4.67031486550695e-06
-4.74932085126056e-06
-4.82931636724970e-06
-4.91030823468464e-06
-4.99230372952297e-06
-5.07531103721703e-06
-5.15933788847178e-06
-5.24439246873953e-06
-5.33048250872525e-06
-5.41761528438656e-06
-5.50579898117576e-06
-5.59504223929253e-06
-5.68535233469447e-06
-5.77673790758126e-06
-5.86920714340522e-06
-5.96276822761865e-06
-6.05742980042123e-06
-6.15320050201262e-06
-6.25008851784514e-06
-6.34810294286581e-06
-6.44725241727429e-06
-6.54754512652289e-06
-6.64899016555864e-06
-6.75159571983386e-06
-6.85536997480085e-06
-6.96032202540664e-06
-7.06646005710354e-06
-7.17379316483857e-06
-7.28232907931670e-06
-7.39207735023228e-06
-7.50304616303765e-06
-7.61524370318512e-06
-7.72867952036904e-06
-7.84336134529440e-06
-7.95929736341350e-06
-8.07649848866276e-06
-8.19497199699981e-06
-8.31472789286636e-06
-8.43577436171472e-06
-8.55812231748132e-06
-8.68177903612377e-06
-8.80675361258909e-06
-8.93305514182430e-06
-9.06069453776581e-06
-9.18967907637125e-06
-9.32001876208233e-06
-9.45172268984607e-06
-9.58479904511478e-06
-9.71925874182489e-06
-9.85510996542871e-06
-9.99236090137856e-06
-1.01310215541162e-05
-1.02711001090938e-05
-1.04126056612586e-05
-1.05555482150521e-05
-1.06999341369374e-05
-1.08457743408508e-05
-1.09930779217393e-05
-1.11418521555606e-05
-1.12921088657458e-05
-1.14438553282525e-05
-1.15971006380278e-05
-1.17518557090079e-05
-1.19081278171507e-05
-1.20659269668977e-05
-1.22252622531960e-05
-1.23861445899820e-05
-1.25485812532133e-05
-1.27125831568264e-05
-1.28781584862736e-05
-1.30453181554913e-05
-1.32140703499317e-05
-1.33844250740367e-05
-1.35563932417426e-05
-1.37299830385018e-05
-1.39052053782507e-05
-1.40820684464416e-05
-1.42605831570108e-05
-1.44407595144003e-05
-1.46226066135569e-05
-1.48061335494276e-05
-1.49913512359490e-05
-1.51782687680679e-05
-1.53668952407315e-05
-1.55572415678762e-05
-1.57493159349542e-05
-1.59431274369126e-05
-1.61386888066772e-05
-1.63360055012163e-05
-1.65350920724450e-05
-1.67359539773315e-05
-1.69386039488018e-05
-1.71430492628133e-05
-1.73493008333026e-05
-1.75573695742060e-05
-1.77672627614811e-05
-1.79789894900750e-05
-1.81925643119030e-05
-1.84079926839331e-05
-1.86252873390913e-05
-1.88444591913139e-05
-1.90655155165587e-05
-1.92884708667407e-05
-1.95133306988282e-05
-1.97401095647365e-05
-1.99688165594125e-05
-2.01994607778033e-05
-2.04320549528347e-05
-2.06666081794538e-05
-2.09031277336180e-05
-2.11416299862321e-05
-2.13821185752749e-05
-2.16246062336722e-05
-2.18691038753605e-05
-2.21156187762972e-05
-2.23641636694083e-05
-2.26147476496408e-05
-2.28673816309311e-05
-2.31220747082261e-05
-2.33788377954625e-05
-2.36376818065764e-05
-2.38986176555045e-05
-2.41616526182042e-05
-2.44268030655803e-05
-2.46940744546009e-05
-2.49634813371813e-05
-2.52350346272578e-05
-2.55087434197776e-05
-2.57846186286770e-05
-2.60626711678924e-05
-2.63429137703497e-05
-2.66253573499853e-05
-2.69100091827568e-05
-2.71968838205794e-05
-2.74859903584002e-05
-2.77773397101555e-05
-2.80709464277606e-05
-2.83668196061626e-05
-2.86649701592978e-05
-2.89654071821133e-05
-2.92681452265242e-05
-2.95731952064671e-05
-2.98805662168888e-05
-3.01902728097048e-05
-3.05023240798619e-05
-3.08167327602860e-05
-3.11335061269347e-05
-3.14526623697020e-05
-3.17742051265668e-05
-3.20981525874231e-05
-3.24245120282285e-05
-3.27532980008982e-05
-3.30845177813899e-05
-3.34181895595975e-05
-3.37543169735000e-05
-3.40929218509700e-05
-3.44340078299865e-05
-3.47775894624647e-05
-3.51236740243621e-05
-3.54722797055729e-05
-3.58234137820546e-05
-3.61770908057224e-05
-3.65333253284916e-05
-3.68921246263199e-05
-3.72535032511223e-05
-3.76174684788566e-05
-3.79840348614380e-05
-3.83532169507816e-05
-3.87250256608240e-05
-3.90994719055016e-05
-3.94765702367295e-05
-3.98563315684442e-05
-4.02387631766032e-05
-4.06238868890796e-05
-4.10117063438520e-05
-4.14022324548569e-05
-4.17954834119882e-05
-4.21914701291826e-05
-4.25902035203762e-05
-4.29916944995057e-05
-4.33959539805073e-05
-4.38029965152964e-05
-4.42128366557881e-05
-4.46254816779401e-05
-4.50409497716464e-05
-4.54592445748858e-05
-4.58803806395736e-05
-4.63043725176249e-05
-4.67312311229762e-05
-4.71609710075427e-05
-4.75935994472820e-05
-4.80291309941094e-05
-4.84675801999401e-05
-4.89089616166893e-05
-4.93532788823359e-05
-4.98005501867738e-05
-5.02507900819182e-05
-5.07040058437269e-05
-5.11602193000726e-05
-5.16194340889342e-05
-5.20816611242481e-05
-5.25469222338870e-05
-5.30152210558299e-05
-5.34865721419919e-05
-5.39609900442883e-05
-5.44384856766555e-05
-5.49190735910088e-05
-5.54027647012845e-05
-5.58895735593978e-05
-5.63795110792853e-05
-5.68725918128621e-05
-5.73688230360858e-05
-5.78682265768293e-05
-5.83708060730714e-05
-5.88765760767274e-05
-5.93855511397123e-05
-5.98977421759628e-05
-6.04131673753727e-05
-6.09318376518786e-05
-6.14537639194168e-05
-6.19789570919238e-05
-6.25074317213148e-05
-6.30392023595050e-05
-6.35742908343673e-05
-6.41126971459016e-05
-6.46544358460233e-05
-6.51995214866474e-05
-6.57479758956470e-05
-6.62998063489795e-05
-6.68550273985602e-05
-6.74136390443891e-05
-6.79756703902967e-05
-6.85411287122406e-05
-6.91100285621360e-05
-6.96823844918981e-05
-7.02582037774846e-05
-7.08375082467683e-05
-7.14203051757067e-05
-7.20066163921729e-05
-7.25964418961667e-05
-7.31897962396033e-05
-7.37867012503557e-05
-7.43871642043814e-05
-7.49912069295533e-05
-7.55988367018290e-05
-7.62100680731237e-05
-7.68249155953527e-05
-7.74433865444735e-05
-7.80655100243166e-05
-7.86912860348821e-05
-7.93207364040427e-05
-7.99538756837137e-05
-8.05907111498527e-05
-8.12312646303326e-05
-8.18755434011109e-05
-8.25235547381453e-05
-8.31753277452663e-05
-8.38308624224737e-05
-8.44901805976406e-05
-8.51532895467244e-05
-8.58202038216405e-05
-8.64909452502616e-05
-8.71655283845030e-05
-8.78439459484071e-05
-8.85262343217619e-05
-8.92123935045674e-05
-8.99024598766118e-05
-9.05964188859798e-05
-9.12943069124594e-05
-9.19961239560507e-05
-9.27018991205841e-05
-9.34116251301020e-05
-9.41253383643925e-05
-9.48430460994132e-05
-9.55647628870793e-05
-9.62904960033484e-05
-9.70202672760934e-05
-9.77540985331871e-05
-9.84919897746295e-05
-9.92339701042511e-05
-9.99800395220518e-05
-0.000100730227131862
-0.000101484540209640
-0.000102242993307300
-0.000103005600976758
-0.000103772377769928
-0.000104543338238727
-0.000105318504211027
-0.000106097875686828
-0.000106881481769960
-0.000107669329736382
-0.000108461434138007
-0.000109257802250795
-0.000110058470454533
-0.000110863438749220
-0.000111672714410815
-0.000112486333819106
-0.000113304296974093
-0.000114126618427690
-0.000114953320007771
-0.000115784408990294
-0.000116619907203130
-0.000117459829198197
-0.000118304189527407
-0.000119152995466720
-0.000120006283395924
-0.000120864046039060
-0.000121726312499959
-0.000122593090054579
-0.000123464400530793
-0.000124340251204558
-0.000125220656627789
-0.000126105631352402
-0.000126995204482228
-0.000127889405121095
-0.000128788218717091
-0.000129691659822129
-0.000130599772091955
-0.000131512540974654
-0.000132429995574057
-0.000133352179545909
-0.000134279063786380
-0.000135210677399300
-0.000136147049488500
-0.000137088194605894
-0.000138034127303399
-0.000138984847581014
-0.000139940384542570
-0.000140900767291896
-0.000141865995828994
-0.000142836084705777
-0.000143811048474163
-0.000144790930789895
-0.000145775717101060
-0.000146765436511487
-0.000147760103573091
-0.000148759732837789
-0.000149764338857494
-0.000150773936184123
-0.000151788568473421
-0.000152808206621557
-0.000153832908836193
-0.000154862675117329
-0.000155897520016879
-0.000156937443534844
-0.000157982489326969
-0.000159032671945170
-0.000160087991389446
-0.000161148476763628
-0.000162214142619632
-0.000163285003509372
-0.000164361088536680
-0.000165442397701554
-0.000166528945555910
-0.000167620775755495
-0.000168717873748392
-0.000169820268638432
-0.000170927974977531
-0.000172041007317603
-0.000173159394762479
-0.000174283137312159
-0.000175412278622389
-0.000176546804141253
-0.000177686742972583
-0.000178832109668292
-0.000179982904228382
-0.000181139199412428
-0.000182300951564685
-0.000183468189788982
-0.000184640957741067
-0.000185819240869023
-0.000187003082828596
-0.000188192483619787
-0.000189387472346425
-0.000190588049008511
-0.000191794228157960
-0.000193006068002433
-0.000194223539438099
-0.000195446671568789
-0.000196675478946418
-0.000197909990674816
-0.000199150206753984
-0.000200396170839667
-0.000201647882931866
-0.000202905357582495
-0.000204168609343469
-0.000205437652766705
-0.000206712531507947
-0.000207993245567195
-0.000209279809496366
-0.000210572237847373
-0.000211870559724048
-0.000213174789678305
-0.000214484942262061
-0.000215801032027230
-0.000217123088077642
-0.000218451110413298
-0.000219785113586113
-0.000221125141251832
-0.000222471207962371
-0.000223823299165815
-0.000225181458517909
-0.000226545700570568
-0.000227916054427624
-0.000229292520089075
-0.000230675112106837
-0.000232063874136657
-0.000233458791626617
-0.000234859908232465
-0.000236267223954201
-0.000237680767895654
-0.000239100569160655
-0.000240526613197289
-0.000241958943661302
-0.000243397575104609
-0.000244842522079125
-0.000246293784584850
-0.000247751420829445
-0.000249215430812910
-0.000250685814535245
-0.000252162630204111
-0.000253645877819508
-0.000255135528277606
-0.000256631697993726
-0.000258134299656376
-0.000259643420577049
-0.000261159089859575
-0.000262681278400123
-0.000264210015302524
-0.000265745329670608
-0.000267287250608206
-0.000268835778115317
-0.000270390941295773
-0.000271952769253403
-0.000273521261988208
-0.000275096419500187
-0.000276678270893171
-0.000278266874374822
-0.000279862200841308
-0.000281464279396459
-0.000283073110040277
-0.000284688780084252
-0.000286311231320724
-0.000287940521957353
-0.000289576651994139
-0.000291219650534913
-0.000292869546683505
-0.000294526340439916
-0.000296190031804144
-0.000297860678983852
-0.000299538311082870
-0.000301222898997366
-0.000302914471831173
-0.000304613058688119
-0.000306318688672036
-0.000308031361782923
-0.000309751107124612
-0.000311477924697101
-0.000313211901811883
-0.000314952980261296
-0.000316701189149171
-0.000318456586683169
-0.000320219172863290
-0.000321988947689533
-0.000323765969369561
-0.000325550208799541
-0.000327341724187136
-0.000329140515532345
-0.000330946641042829
-0.000332760071614757
-0.000334580836351961
-0.000336408964358270
-0.000338244484737515
-0.000340087397489697
-0.000341937731718645
-0.000343795487424359
-0.000345660751918331
-0.000347533466992900
-0.000349413690855727
-0.000351301394402981
-0.000353196664946154
-0.000355099502485245
-0.000357009936124086
-0.000358927936758846
-0.000360853562597185
-0.000362786813639104
-0.000364727718988434
-0.000366676336852834
-0.000368632638128474
-0.000370596681023017
-0.000372568465536460
-0.000374548020772636
-0.000376535346731544
-0.000378530443413183
-0.000380533398129046
-0.000382544181775302
-0.000384562852559611
-0.000386589410481975
-0.000388623855542392
-0.000390666245948523
-0.000392716581700370
-0.000394774921005592
-0.000396841234760359
-0.000398915552068502
-0.000400997902033851
-0.000403088313760236
-0.000405186816351488
-0.000407293409807608
-0.000409408094128594
-0.000411530956625938
-0.000413661939091980
-0.000415801128838211
-0.000417948525864631
-0.000420104130171239
-0.000422267999965698
-0.000424440135248005
-0.000426620536018163
-0.000428809289587662
-0.000431006366852671
-0.000433211767813191
-0.000435425579780713
-0.000437647802755237
-0.000439878436736763
-0.000442117510829121
-0.000444365083239973
-0.000446621124865487
-0.000448885664809495
-0.000451158761279658
-0.000453440414275974
-0.000455730652902275
-0.000458029506262392
-0.000460336974356324
-0.000462653115391731
-0.000464977900264785
-0.000467311358079314
-0.000469653576146811
-0.000472004525363445
-0.000474364234833047
-0.000476732733659446
-0.000479110050946474
-0.000481496215797961
-0.000483891228213906
-0.000486295117298141
-0.000488707912154496
-0.000491129583679140
-0.000493560277391225
-0.000495999876875430
-0.000498448498547077
-0.000500906200613827
-0.000503372866660357
-0.000505848671309650
-0.000508333498146385
-0.000510827463585883
-0.000513330567628145
-0.000515842868480831
-0.000518364307936281
-0.000520895002409816
-0.000523434951901436
-0.000525984098203480
-0.000528542557731271
-0.000531110214069486
-0.000533687300048769
-0.000536273641046137
-0.000538869411684573
-0.000541474553756416
-0.000544089125469327
-0.000546713126823306
-0.000549346674233675
-0.000551989709492773
-0.000554642174392939
-0.000557304243557155
-0.000559975916985422
-0.000562657136470079
-0.000565348018426448
-0.000568048504646868
-0.000570758711546660
-0.000573478522710502
-0.000576208112761378
-0.000578947481699288
-0.000581696571316570
-0.000584455556236208
-0.000587224261835218
-0.000590002862736583
-0.000592791300732642
-0.000595589634031057
-0.000598397920839489
-0.000601216102950275
-0.000604044296778739
-0.000606882444117218
-0.000609730661381036
-0.000612588948570192
-0.000615457247477025
-0.000618335674516857
-0.000621224287897348
-0.000624123029410839
-0.000627031957264990
-0.000629951013252139
-0.000632880371995270
-0.000635819975286722
-0.000638769881334156
-0.000641730090137571
-0.000644700659904629
-0.000647681590635330
-0.000650672882329673
-0.000653674651402980
-0.000656686839647591
-0.000659709505271167
-0.000662742648273706
-0.000665786326862872
-0.000668840541038662
-0.000671905349008739
-0.000674980750773102
-0.000678066804539412
-0.000681163510307670
-0.000684270926285535
-0.000687389052473009
-0.000690517888870090
-0.000693657551892102
-0.000696807983331382
-0.000699969241395593
-0.000703141326084733
-0.000706324353814125
-0.000709518266376108
-0.000712723121978343
-0.000715938920620829
-0.000719165720511228
-0.000722403521649540
-0.000725652440451086
-0.000728912418708205
-0.000732183456420898
-0.000735465611796826
-0.000738759001251310
-0.000742063508369029
-0.000745379249565303
-0.000748706224840134
-0.000752044550608844
-0.000755394168663770
-0.000758755137212575
-0.000762127398047596
-0.000765511125791818
-0.000768906204029918
-0.000772312749177218
-0.000775730761233717
-0.000779160298407078
-0.000782601360697299
-0.000786054006312043
-0.000789518235251308
-0.000792994105722755
-0.000796481617726386
-0.000799980829469860
-0.000803491799160838
-0.000807014468591660
-0.000810548895969987
-0.000814095139503479
-0.000817653140984476
-0.000821223075035960
-0.000824804883450270
-0.000828398624435067
-0.000832004297990352
-0.000835621962323785
-0.000839251617435366
-0.000842893321532756
-0.000846547074615955
-0.000850212934892625
-0.000853890902362764
-0.000857581035234034
-0.000861283333506435
-0.000864997913595289
-0.000868724717292935
-0.000872463744599372
-0.000876215170137584
-0.000879978877492249
-0.000883754983078688
-0.000887543428689241
-0.000891344330739230
-0.000895157747436315
-0.000898983620572835
-0.000902822066564113
-0.000906672968994826
-0.000910536502487958
-0.000914412725251168
-0.000918301520869136
-0.000922203005757183
-0.000926117179915309
-0.000930044159758836
-0.000933983887080103
-0.000937936361879110
-0.000941901758778840
-0.000945880019571632
-0.000949871144257486
-0.000953875191044062
-0.000957892218139023
-0.000961922283750027
-0.000965965387877077
-0.000970021472312510
-0.000974090653471649
-0.000978172989562154
-0.000982268480584025
-0.000986377126537263
-0.000990499043837190
-0.000994634116068482
-0.000998782459646463
-0.00100294419098645
-0.00100711931008846
-0.00101130781695247
-0.00101550959516317
-0.00101972487755120
-0.00102395366411656
-0.00102819583844394
-0.00103245174977928
-0.00103672104887664
-0.00104100408498198
-0.00104530062526464
-0.00104961078613997
-0.00105393480043858
-0.00105827255174518
-0.00106262404005975
-0.00106698926538229
-0.00107136834412813
-0.00107576127629727
-0.00108016817830503
-0.00108458893373609
-0.00108902365900576
-0.00109347247052938
-0.00109793525189161
-0.00110241223592311
-0.00110690318979323
-0.00111140834633261
-0.00111592758912593
-0.00112046103458852
-0.00112500879913569
-0.00112957076635212
-0.00113414716906846
-0.00113873777445406
-0.00114334269892424
-0.00114796217530966
-0.00115259597077966
-0.00115724431816489
-0.00116190710105002
-0.00116658443585038
-0.00117127632256597
-0.00117598287761211
-0.00118070410098881
-0.00118543987628073
-0.00119019055273384
-0.00119495589751750
-0.00119973602704704
-0.00120453094132245
-0.00120934064034373
-0.00121416524052620
-0.00121900474186987
-0.00122385926079005
-0.00122872868087143
-0.00123361323494464
-0.00123851269017905
-0.00124342727940530
-0.00124835711903870
-0.00125330197624862
-0.00125826196745038
-0.00126323732547462
-0.00126822793390602
-0.00127323379274458
-0.00127825501840562
-0.00128329149447382
-0.00128834357019514
-0.00129341089632362
-0.00129849382210523
-0.00130359211470932
-0.00130870612338185
-0.00131383549887687
-0.00131898059044033
-0.00132414139807224
-0.00132931768894196
-0.00133450981229544
-0.00133971765171736
-0.00134494132362306
-0.00135018071159720
-0.00135543593205512
-0.00136070710141212
-0.00136599410325289
-0.00137129717040807
-0.00137661618646234
-0.00138195126783103
-0.00138730229809880
-0.00139266939368099
-0.00139805278740823
-0.00140345224644989
-0.00140886788722128
-0.00141429970972240
-0.00141974783036858
-0.00142521224915981
-0.00143069308251143
-0.00143619021400809
-0.00144170387648046
-0.00144723383709788
-0.00145278021227568
-0.00145834323484451
-0.00146392278838903
-0.00146951887290925
-0.00147513160482049
-0.00148076098412275
-0.00148640701081604
-0.00149206980131567
-0.00149774935562164
-0.00150344567373395
-0.00150915887206793
-0.00151488883420825
-0.00152063579298556
-0.00152639963198453
-0.00153218046762049
-0.00153797829989344
-0.00154379312880337
-0.00154962507076561
-0.00155547412578017
-0.00156134029384702
-0.00156722369138151
-0.00157312431838363
-0.00157904217485338
-0.00158497737720609
-0.00159092980902642
-0.00159689970314503
-0.00160288705956191
-0.00160889164544642
-0.00161491381004453
-0.00162095343694091
-0.00162701064255089
-0.00163308542687446
-0.00163917778991163
-0.00164528784807771
-0.00165141548495740
-0.00165756093338132
-0.00166372419334948
-0.00166990514844656
-0.00167610391508788
-0.00168232049327344
-0.00168855499941856
-0.00169480743352324
-0.00170107791200280
-0.00170736631844193
-0.00171367276925594
-0.00171999726444483
-0.00172633992042393
-0.00173270073719323
-0.00173907959833741
-0.00174547685310245
-0.00175189226865768
-0.00175832607783377
-0.00176477816421539
-0.00177124852780253
-0.00177773728501052
-0.00178424455225468
-0.00179077021311969
-0.00179731450043619
-0.00180387718137354
-0.00181045848876238
-0.00181705853901804
-0.00182367698289454
-0.00183031428605318
-0.00183697021566331
-0.00184364500455558
-0.00185033853631467
-0.00185705081094056
-0.00186378206126392
-0.00187053205445409
-0.00187730102334172
-0.00188408896792680
-0.00189089600462466
-0.00189772190060467
-0.00190456688869745
-0.00191143108531833
-0.00191831437405199
-0.00192521675489843
-0.00193213846068829
-0.00193907937500626
-0.00194603961426765
-0.00195301906205714
-0.00196001795120537
-0.00196703616529703
-0.00197407370433211
-0.00198113080114126
-0.00198820722289383
-0.00199530320242047
-0.00200241897255182
-0.00200955406762660
-0.00201670895330608
-0.00202388339675963
-0.00203107763081789
-0.00203829142265022
-0.00204552523791790
-0.00205277861095965
-0.00206005200743675
-0.00206734519451857
-0.00207465840503573
-0.00208199140615761
-0.00208934443071485
-0.00209671747870743
-0.00210411031730473
-0.00211152341216803
-0.00211895676329732
-0.00212641037069261
-0.00213388400152326
-0.00214137788861990
-0.00214889203198254
-0.00215642643161118
-0.00216398108750582
-0.00217155623249710
-0.00217915163375437
-0.00218676752410829
-0.00219440390355885
-0.00220206077210605
-0.00220973836258054
-0.00221743620932102
-0.00222515501081944
-0.00223289430141449
-0.00224065408110619
-0.00224843504838645
-0.00225623627193272
-0.00226405868306756
-0.00227190181612968
-0.00227976590394974
-0.00228765071369708
-0.00229555647820234
-0.00230348319746554
-0.00231143110431731
-0.00231939973309636
-0.00232738954946399
-0.00233540055342019
-0.00234343274496496
-0.00235148589126766
-0.00235956045798957
-0.00236765621230006
-0.00237577338702977
-0.00238391174934804
-0.00239207153208554
-0.00240025273524225
-0.00240845535881817
-0.00241667940281332
-0.00242492510005832
-0.00243319245055318
-0.00244148122146726
-0.00244979141280055
-0.00245812349021435
-0.00246647722087801
-0.00247485283762217
-0.00248325010761619
-0.00249166926369071
-0.00250011030584574
-0.00250857300125062
-0.00251705781556666
-0.00252556428313255
-0.00253409310244024
-0.00254264404065907
-0.00255121686495841
-0.00255981180816889
-0.00256842887029052
-0.00257706805132329
-0.00258572958409786
-0.00259441323578358
-0.00260311923921108
-0.00261184759438038
-0.00262059830129147
-0.00262937135994434
-0.00263816700316966
-0.00264698499813676
-0.00265582557767630
-0.00266468874178827
-0.00267357449047267
-0.00268248282372952
-0.00269141397438943
-0.00270036770962179
-0.00270934426225722
-0.00271834363229573
-0.00272736581973732
-0.00273641059175134
-0.00274547864682972
-0.00275456951931119
-0.00276368320919573
-0.00277282018214464
-0.00278198020532727
-0.00279116327874362
-0.00280036940239370
-0.00280959880910814
-0.00281885126605630
-0.00282812700606883
-0.00283742602914572
-0.00284674856811762
-0.00285609415732324
-0.00286546349525452
-0.00287485611625016
-0.00288427225314081
-0.00289371190592647
-0.00290317507460713
-0.00291266175918281
-0.00292217219248414
-0.00293170637451112
-0.00294126407243311
-0.00295084551908076
-0.00296045118011534
-0.00297008035704494
-0.00297973328270018
-0.00298941042274237
-0.00299911107867956
-0.00300883594900370
-0.00301858480088413
-0.00302835763432086
-0.00303815491497517
-0.00304797617718577
-0.00305782165378332
-0.00306769111193717
-0.00307758478447795
-0.00308750290423632
-0.00309744523838162
-0.00310741225257516
-0.00311740348115563
-0.00312741915695369
-0.00313745927996933
-0.00314752385020256
-0.00315761310048401
-0.00316772703081369
-0.00317786540836096
-0.00318802869878709
-0.00319821643643081
-0.00320842908695340
-0.00321866665035486
-0.00322892912663519
-0.00323921628296375
-0.00324952811934054
-0.00325986510142684
-0.00327022699639201
-0.00328061403706670
-0.00329102599062026
-0.00330146308988333
-0.00331192556768656
-0.00332241319119930
-0.00333292596042156
-0.00334346410818398
-0.00335402740165591
-0.00336461607366800
-0.00337522989138961
-0.00338586932048202
-0.00339653436094522
-0.00340722477994859
-0.00341794057749212
-0.00342868221923709
-0.00343944923952222
-0.00345024233683944
-0.00346106081269681
-0.00347190513275564
-0.00348277506418526
-0.00349367107264698
-0.00350459292531014
-0.00351554062217474
-0.00352651416324079
-0.00353751378133893
-0.00354853947646916
-0.00355959124863148
-0.00357066909782589
-0.00358177302405238
-0.00359290302731097
-0.00360405957326293
-0.00361524242907763
-0.00362645136192441
-0.00363768683746457
-0.00364894862286747
-0.00366023695096374
-0.00367155158892274
-0.00368289300240576
-0.00369426072575152
-0.00370565499179065
-0.00371707603335381
-0.00372852385044098
-0.00373999844305217
-0.00375149981118739
-0.00376302795484662
-0.00377458287402988
-0.00378616480156779
-0.00379777350462973
-0.00380940944887698
-0.00382107240147889
-0.00383276212960482
-0.00384447933174670
-0.00385622354224324
-0.00386799476109445
-0.00387979345396161
-0.00389161938801408
-0.00390347279608250
-0.00391535321250558
-0.00392726156860590
-0.00393919693306088
-0.00395116023719311
-0.00396315054968000
-0.00397516880184412
-0.00398721452802420
-0.00399928772822022
-0.00401138886809349
-0.00402351794764400
-0.00403567450121045
-0.00404785899445415
-0.00406007142737508
-0.00407231179997325
-0.00408458011224866
-0.00409687636420131
-0.00410920055583119
-0.00412155315279961
-0.00413393368944526
-0.00414634216576815
-0.00415877904742956
-0.00417124433442950
-0.00418373756110668
-0.00419625965878367
-0.00420880969613791
-0.00422138860449195
-0.00423399545252323
-0.00424663117155433
-0.00425929529592395
-0.00427198782563210
-0.00428470969200134
-0.00429745996370912
-0.00431023910641670
-0.00432304665446281
-0.00433588353917003
-0.00434874882921577
-0.00436164345592260
-0.00437456695362926
-0.00438751932233572
-0.00440050102770329
-0.00441351160407066
-0.00442655105143786
-0.00443962030112743
-0.00445271842181683
-0.00446584587916732
-0.00447900267317891
-0.00449218880385160
-0.00450540427118540
-0.00451864954084158
-0.00453192414715886
-0.00454522855579853
-0.00455856230109930
-0.00457192538306117
-0.00458531873300672
-0.00459874141961336
-0.00461219390854240
-0.00462567619979382
-0.00463918875902891
-0.00465273112058640
-0.00466630328446627
-0.00467990525066853
-0.00469353748485446
-0.00470719998702407
-0.00472089275717735
-0.00473461532965303
-0.00474836863577366
-0.00476215174421668
-0.00477596512064338
-0.00478980923071504
-0.00480368360877037
-0.00481758872047067
-0.00483152410015464
-0.00484549021348357
-0.00485948706045747
-0.00487351464107633
-0.00488757248967886
-0.00490166107192636
-0.00491578085348010
-0.00492993136867881
-0.00494411215186119
-0.00495832460001111
-0.00497256778180599
-0.00498684169724584
-0.00500114727765322
-0.00501548359170556
-0.00502985157072544
-0.00504425028339028
-0.00505868019536138
-0.00507314177230001
-0.00508763454854488
-0.00510215852409601
-0.00511671416461468
-0.00513130100443959
-0.00514591950923204
-0.00516056967899203
-0.00517525104805827
-0.00518996454775333
-0.00520470924675465
-0.00521948607638478
-0.00523429503664374
-0.00524913566187024
-0.00526400795206428
-0.00527891283854842
-0.00529384892433882
-0.00530881760641933
-0.00532381841912866
-0.00533885089680553
-0.00535391550511122
-0.00536901270970702
-0.00538414204493165
-0.00539930397644639
-0.00541449803858995
-0.00542972469702363
-0.00544498395174742
-0.00546027533710003
-0.00547559978440404
-0.00549095589667559
-0.00550634553655982
-0.00552176730707288
-0.00553722213953733
-0.00555271003395319
-0.00556823052465916
-0.00558378407731652
-0.00559937022626400
-0.00561498990282416
-0.00563064217567444
-0.00564632751047611
-0.00566204637289047
-0.00567779829725623
-0.00569358328357339
-0.00570940179750323
-0.00572525383904576
-0.00574113894253969
-0.00575705757364631
-0.00577300926670432
-0.00578899495303631
-0.00580501416698098
-0.00582106690853834
-0.00583715364336968
-0.00585327344015241
-0.00586942723020911
-0.00588561501353979
-0.00590183632448316
-0.00591809162870050
-0.00593438139185309
-0.00595070514827967
-0.00596706243231893
-0.00598345417529345
-0.00599987991154194
-0.00601633964106441
-0.00603283429518342
-0.00604936294257641
-0.00606592604890466
-0.00608252361416817
-0.00609915563836694
-0.00611582165583968
-0.00613252306357026
-0.00614925846457481
-0.00616602832451463
-0.00618283357471228
-0.00619967328384519
-0.00621654745191336
-0.00623345654457808
-0.00625040056183934
-0.00626737950369716
-0.00628439383581281
-0.00630144309252501
-0.00631852727383375
-0.00633564684540033
-0.00635280134156346
-0.00636999122798443
-0.00638721650466323
-0.00640447670593858
-0.00642177276313305
-0.00643910374492407
-0.00645647058263421
-0.00647387281060219
-0.00649131089448929
-0.00650878483429551
-0.00652629369869828
-0.00654383888468146
-0.00656141946092248
-0.00657903589308262
-0.00659668818116188
-0.00661437679082155
-0.00663210125640035
-0.00664986204355955
-0.00666765822097659
-0.00668549118563533
-0.00670336000621319
-0.00672126514837146
-0.00673920661211014
-0.00675718486309052
-0.00677519850432873
-0.00679324939846993
-0.00681133614853025
-0.00682946015149355
-0.00684762001037598
-0.00686581665650010
-0.00688405055552721
-0.00690232077613473
-0.00692062778398395
-0.00693897157907486
-0.00695735262706876
-0.00697577046230435
-0.00699422508478165
-0.00701271649450064
-0.00703124515712261
-0.00704981153830886
-0.00706841470673680
-0.00708705512806773
-0.00710573326796293
-0.00712444819509983
-0.00714320084080100
-0.00716199073940516
-0.00718081789091229
-0.00719968276098371
-0.00721858534961939
-0.00723752519115806
-0.00725650321692228
-0.00727551849558950
-0.00729457195848227
-0.00731366313993931
-0.00733279203996062
-0.00735195912420750
-0.00737116392701864
-0.00739040737971664
-0.00740968855097890
-0.00742900790646672
-0.00744836544618011
-0.00746776117011905
-0.00748719507828355
-0.00750666763633490
-0.00752617837861180
-0.00754572777077556
-0.00756531534716487
-0.00758494157344103
-0.00760460644960403
-0.00762431044131517
-0.00764405261725187
-0.00766383344307542
-0.00768365291878581
-0.00770351197570562
-0.00772340921685100
-0.00774334603920579
-0.00776332151144743
-0.00778333609923720
-0.00780339026823640
-0.00782348308712244
-0.00784361548721790
-0.00786378700286150
-0.00788399763405323
-0.00790424831211567
-0.00792453717440367
-0.00794486608356237
-0.00796523503959179
-0.00798564311116934
-0.00800609029829502
-0.00802657846361399
-0.00804710481315851
-0.00806767120957375
-0.00808827858418226
-0.00810892507433891
-0.00812961161136627
-0.00815033726394177
-0.00817110389471054
-0.00819191057235003
-0.00821275729686022
-0.00823364406824112
-0.00825457181781530
-0.00827553868293762
-0.00829654652625322
-0.00831759534776211
-0.00833868328481913
-0.00835981220006943
-0.00838098209351301
-0.00840219296514988
-0.00842344388365746
-0.00844473484903574
-0.00846606679260731
-0.00848743971437216
-0.00850885454565287
-0.00853030849248171
-0.00855180434882641
-0.00857334211468697
-0.00859491899609566
-0.00861653871834278
-0.00863819848746061
-0.00865990016609430
-0.00868164375424385
-0.00870342832058668
-0.00872525386512280
-0.00874712131917477
-0.00876903068274260
-0.00879098102450371
-0.00881297234445810
-0.00883500557392836
-0.00885708071291447
-0.00887919776141644
-0.00890135578811169
-0.00892355665564537
-0.00894579850137234
-0.00896808318793774
-0.00899040885269642
-0.00901277735829353
-0.00903518777340651
-0.00905764009803534
-0.00908013526350260
-0.00910267233848572
-0.00912525225430727
-0.00914787314832211
-0.00917053688317537
-0.00919324345886707
-0.00921599194407463
-0.00923878420144320
-0.00926161929965019
-0.00928449630737305
-0.00930741615593433
-0.00933037884533405
-0.00935338437557221
-0.00937643274664879
-0.00939952395856381
-0.00942265801131725
-0.00944583490490913
-0.00946905557066202
-0.00949231907725334
-0.00951562542468309
-0.00953897554427385
-0.00956236943602562
-0.00958580709993839
-0.00960928760468960
-0.00963281095027924
-0.00965637806802988
-0.00967998802661896
-0.00970364362001419
-0.00972734205424786
-0.00975108426064253
-0.00977487023919821
-0.00979869998991489
-0.00982257351279259
-0.00984649173915386
-0.00987045280635357
-0.00989445857703686
-0.00991850811988115
-0.00994260236620903
-0.00996674038469791
-0.00999092310667038
-0.0100151496008039
-0.0100394217297435
-0.0100637366995215
-0.0100880973041058
-0.0101125016808510
-0.0101369507610798
-0.0101614454761148
-0.0101859839633107
-0.0102105671539903
-0.0102351950481534
-0.0102598695084453
-0.0102845877408981
-0.0103093506768346
-0.0103341583162546
-0.0103590125218034
-0.0103839104995132
-0.0104088550433517
-0.0104338433593512
-0.0104588782414794
-0.0104839578270912
-0.0105090830475092
-0.0105342539027333
-0.0105594703927636
-0.0105847325176001
-0.0106100402772427
-0.0106353936716914
-0.0106607936322689
-0.0106862382963300
-0.0107117295265198
-0.0107372663915157
-0.0107628488913178
-0.0107884788885713
-0.0108141535893083
-0.0108398748561740
-0.0108656426891685
-0.0108914561569691
-0.0109173161908984
-0.0109432227909565
-0.0109691759571433
-0.0109951756894588
-0.0110212210565805
-0.0110473139211535
-0.0110734533518553
-0.0110996393486857
-0.0111258728429675
-0.0111521519720554
-0.0111784795299172
-0.0112048527225852
-0.0112312734127045
-0.0112577406689525
-0.0112842554226518
-0.0113108176738024
-0.0113374264910817
-0.0113640837371349
-0.0113907875493169
-0.0114175379276276
-0.0114443367347121
-0.0114711830392480
-0.0114980768412352
-0.0115250181406736
-0.0115520078688860
-0.0115790450945497
-0.0116061298176646
-0.0116332620382309
-0.0116604417562485
-0.0116876699030399
-0.0117149464786053
-0.0117422714829445
-0.0117696439847350
-0.0117970658466220
-0.0118245342746377
-0.0118520520627499
-0.0118796182796359
-0.0119072329252958
-0.0119348959997296
-0.0119626065716147
-0.0119903665035963
-0.0120181757956743
-0.0120460325852036
-0.0120739387348294
-0.0121018942445517
-0.0121298981830478
-0.0121579514816403
-0.0121860541403294
-0.0122142052277923
-0.0122424056753516
-0.0122706545516849
-0.0122989537194371
-0.0123273013159633
-0.0123556982725859
-0.0123841445893049
-0.0124126402661204
-0.0124411853030324
-0.0124697806313634
-0.0124984234571457
-0.0125271165743470
-0.0125558590516448
-0.0125846518203616
-0.0126134939491749
-0.0126423863694072
-0.0126713290810585
-0.0127003202214837
-0.0127293625846505
-0.0127584543079138
-0.0127875963225961
-0.0128167886286974
-0.0128460321575403
-0.0128753259778023
-0.0129046700894833
-0.0129340635612607
-0.0129635091871023
-0.0129930041730404
-0.0130225503817201
-0.0130521468818188
-0.0130817946046591
-0.0131114935502410
-0.0131412427872419
-0.0131710432469845
-0.0132008939981461
-0.0132307959720492
-0.0132607501000166
-0.0132907545194030
-0.0133208101615310
-0.0133509179577231
-0.0133810760453343
-0.0134112853556871
-0.0134415468201041
-0.0134718595072627
-0.0135022243484855
-0.0135326404124498
-0.0135631086304784
-0.0135936280712485
-0.0136241996660829
-0.0136548224836588
-0.0136854983866215
-0.0137162245810032
-0.0137470038607717
-0.0137778352946043
-0.0138087188825011
-0.0138396546244621
-0.0138706415891647
-0.0139016816392541
-0.0139327738434076
-0.0139639182016253
-0.0139951156452298
-0.0140263661742210
-0.0140576688572764
-0.0140890246257186
-0.0141204325482249
-0.0141518935561180
-0.0141834067180753
-0.0142149738967419
-0.0142465941607952
-0.0142782665789127
-0.0143099920824170
-0.0143417716026306
-0.0143736042082310
-0.0144054889678955
-0.0144374277442694
-0.0144694205373526
-0.0145014664158225
-0.0145335653796792
-0.0145657183602452
-0.0145979244261980
-0.0146301835775375
-0.0146624986082315
-0.0146948657929897
-0.0147272869944572
-0.0147597631439567
-0.0147922923788428
-0.0148248756304383
-0.0148575128987432
-0.0148902051150799
-0.0149229513481259
-0.0149557515978813
-0.0149886058643460
-0.0150215150788426
-0.0150544783100486
-0.0150874964892864
-0.0151205696165562
-0.0151536967605352
-0.0151868788525462
-0.0152201158925891
-0.0152534078806639
-0.0152867548167706
-0.0153201557695866
-0.0153536135330796
-0.0153871253132820
-0.0154206920415163
-0.0154543146491051
-0.0154879922047257
-0.0155217256397009
-0.0155555130913854
-0.0155893564224243
-0.0156232556328177
-0.0156572107225657
-0.0156912207603455
-0.0157252885401249
-0.0157594103366137
-0.0157935880124569
-0.0158278215676546
-0.0158621110022068
-0.0158964563161135
-0.0159308593720198
-0.0159653164446354
-0.0159998312592506
-0.0160344019532204
-0.0160690285265446
-0.0161037128418684
-0.0161384530365467
-0.0161732491105795
-0.0162081010639668
-0.0162430107593536
-0.0162779781967402
-0.0163129996508360
-0.0163480807095766
-0.0163832176476717
-0.0164184104651213
-0.0164536610245705
-0.0164889693260193
-0.0165243353694677
-0.0165597572922707
-0.0165952369570732
-0.0166307743638754
-0.0166663695126772
-0.0167020205408335
-0.0167377311736345
-0.0167734976857901
-0.0168093219399452
-0.0168452057987452
-0.0168811455368996
-0.0169171448796988
-0.0169532001018524
-0.0169893149286509
-0.0170254856348038
-0.0170617159456015
-0.0170980039983988
-0.0171343516558409
-0.0171707551926374
-0.0172072201967239
-0.0172437410801649
-0.0172803215682507
-0.0173169597983360
-0.0173536576330662
-0.0173904150724411
-0.0174272302538157
-0.0174641031771898
-0.0175010357052088
-0.0175380259752274
-0.0175750758498907
-0.0176121853291988
-0.0176493525505066
-0.0176865831017494
-0.0177238713949919
-0.0177612174302340
-0.0177986249327660
-0.0178360901772976
-0.0178736131638289
-0.0179111994802952
-0.0179488435387611
-0.0179865472018719
-0.0180243123322725
-0.0180621352046728
-0.0181000195443630
-0.0181379634886980
-0.0181759670376778
-0.0182140301913023
-0.0182521548122168
-0.0182903390377760
-0.0183285847306252
-0.0183668900281191
-0.0184052549302578
-0.0184436831623316
-0.0184821691364050
-0.0185207165777683
-0.0185593254864216
-0.0185979958623648
-0.0186367258429527
-0.0186755154281855
-0.0187143683433533
-0.0187532808631659
-0.0187922548502684
-0.0188312903046608
-0.0188703872263432
-0.0189095456153154
-0.0189487636089325
-0.0189880449324846
-0.0190273858606815
-0.0190667901188135
-0.0191062558442354
-0.0191457830369473
-0.0191853716969490
-0.0192250218242407
-0.0192647352814674
-0.0193045102059841
-0.0193443465977907
-0.0193842463195324
-0.0194242075085640
-0.0194642320275307
-0.0195043180137873
-0.0195444673299789
-0.0195846762508154
-0.0196249503642321
-0.0196652859449387
-0.0197056848555803
-0.0197461470961571
-0.0197866708040237
-0.0198272559791803
-0.0198679063469172
-0.0199086200445890
-0.0199493970721960
-0.0199902374297380
-0.0200311392545700
-0.0200721044093370
-0.0201131328940392
-0.0201542247086763
-0.0201953817158937
-0.0202366001904011
-0.0202778838574886
-0.0203192308545113
-0.0203606411814690
-0.0204021167010069
-0.0204436555504799
-0.0204852595925331
-0.0205269251018763
-0.0205686558037996
-0.0206104516983032
-0.0206523109227419
-0.0206942353397608
-0.0207362230867147
-0.0207782760262489
-0.0208203922957182
-0.0208625756204128
-0.0209048222750425
-0.0209471341222525
-0.0209895092993975
-0.0210319496691227
-0.0210744570940733
-0.0211170278489590
-0.0211596637964249
-0.0212023649364710
-0.0212451331317425
-0.0212879665195942
-0.0213308632373810
-0.0213738251477480
-0.0214168522506952
-0.0214599464088678
-0.0215031057596207
-0.0215463321655989
-0.0215896219015121
-0.0216329786926508
-0.0216764025390148
-0.0217198915779591
-0.0217634476721287
-0.0218070689588785
-0.0218507573008537
-0.0218945108354092
-0.0219383314251900
-0.0219822190701962
-0.0220261737704277
-0.0220701936632395
-0.0221142806112766
-0.0221584346145391
-0.0222026538103819
-0.0222469419240952
-0.0222912952303886
-0.0223357174545527
-0.0223802067339420
-0.0224247612059116
-0.0224693845957518
-0.0225140750408173
-0.0225588325411081
-0.0226036570966244
-0.0226485505700111
-0.0226935110986233
-0.0227385386824608
-0.0227836351841688
-0.0228288006037474
-0.0228740330785513
-0.0229193326085806
-0.0229647010564804
-0.0230101384222507
-0.0230556428432465
-0.0231012143194675
-0.0231468547135592
-0.0231925621628761
-0.0232383403927088
-0.0232841875404120
-0.0233301017433405
-0.0233760867267847
-0.0234221387654543
-0.0234682597219944
-0.0235144495964050
-0.0235607083886862
-0.0236070360988379
-0.0236534327268600
-0.0236999001353979
-0.0237464345991611
-0.0237930398434401
-0.0238397158682346
-0.0238864589482546
-0.0239332728087902
-0.0239801555871964
-0.0240271091461182
-0.0240741316229105
-0.0241212230175734
-0.0241683851927519
-0.0242156181484461
-0.0242629200220108
-0.0243102926760912
-0.0243577361106873
-0.0244052503257990
-0.0244528297334909
-0.0245004817843437
-0.0245482027530670
-0.0245959963649511
-0.0246438588947058
-0.0246917940676212
-0.0247397981584072
-0.0247878730297089
-0.0248360205441713
-0.0248842369765043
-0.0249325260519981
-0.0249808859080076
-0.0250293184071779
-0.0250778198242188
-0.0251263957470655
-0.0251750405877829
-0.0252237562090158
-0.0252725463360548
-0.0253214072436094
-0.0253703389316797
-0.0254193432629108
-0.0254684202373028
-0.0255175679922104
-0.0255667883902788
-0.0256160795688629
-0.0256654452532530
-0.0257148817181587
-0.0257643908262253
-0.0258139725774527
-0.0258636269718409
-0.0259133540093899
-0.0259631536900997
-0.0260130260139704
-0.0260629728436470
-0.0261129904538393
-0.0261630825698376
-0.0262132454663515
-0.0262634847313166
-0.0263137947767973
-0.0263641793280840
-0.0264146365225315
-0.0264651663601398
-0.0265157725661993
-0.0265664495527744
-0.0266172029078007
-0.0266680270433426
-0.0267189256846905
-0.0267699006944895
-0.0268209464848042
-0.0268720686435699
-0.0269232634454966
-0.0269745346158743
-0.0270258784294128
-0.0270772948861122
-0.0271287877112627
-0.0271803550422192
-0.0272319968789816
-0.0272837132215500
-0.0273355040699244
-0.0273873712867498
-0.0274393111467361
-0.0274913273751736
-0.0275434181094170
-0.0275955852121115
-0.0276478268206120
-0.0277001429349184
-0.0277525372803211
-0.0278050042688847
-0.0278575476258993
-0.0279101673513651
-0.0279628615826368
-0.0280156321823597
-0.0280684791505337
-0.0281214006245136
-0.0281743984669447
-0.0282274726778269
-0.0282806251198053
-0.0283338502049446
-0.0283871535211802
-0.0284405332058668
-0.0284939892590046
-0.0285475198179483
-0.0286011286079884
-0.0286548156291246
-0.0287085771560669
-0.0287624169141054
-0.0288163330405951
-0.0288703273981810
-0.0289243962615728
-0.0289785452187061
-0.0290327686816454
-0.0290870703756809
-0.0291414503008127
-0.0291959084570408
-0.0292504429817200
-0.0293050538748503
-0.0293597448617220
-0.0294145122170448
-0.0294693578034639
-0.0295242816209793
-0.0295792818069458
-0.0296343620866537
-0.0296895205974579
-0.0297447573393583
-0.0298000723123550
-0.0298554636538029
-0.0299109350889921
-0.0299664866179228
-0.0300221163779497
-0.0300778225064278
-0.0301336087286472
-0.0301894731819630
-0.0302454177290201
-0.0303014423698187
-0.0303575433790684
-0.0304137263447046
-0.0304699875414372
-0.0305263269692659
-0.0305827464908361
-0.0306392461061478
-0.0306958239525557
-0.0307524818927050
-0.0308092199265957
-0.0308660380542278
-0.0309229362756014
-0.0309799145907164
-0.0310369729995728
-0.0310941096395254
-0.0311513282358646
-0.0312086269259453
-0.0312660038471222
-0.0313234627246857
-0.0313810035586357
-0.0314386226236820
-0.0314963236451149
-0.0315541066229343
-0.0316119715571404
-0.0316699147224426
-0.0317279398441315
-0.0317860431969166
-0.0318442322313786
-0.0319024994969368
-0.0319608524441719
-0.0320192836225033
-0.0320777967572212
-0.0321363918483257
-0.0321950688958168
-0.0322538241744041
-0.0323126651346684
-0.0323715843260288
-0.0324305891990662
-0.0324896723031998
-0.0325488410890102
-0.0326080881059170
-0.0326674208045006
-0.0327268354594708
-0.0327863283455372
-0.0328459106385708
-0.0329055711627007
-0.0329653136432171
-0.0330251418054104
-0.0330850519239903
-0.0331450439989567
-0.0332051180303097
-0.0332652777433395
-0.0333255194127560
-0.0333858430385590
-0.0334462523460388
-0.0335067436099052
-0.0335673205554485
-0.0336279757320881
-0.0336887203156948
-0.0337495431303978
-0.0338104516267777
-0.0338714458048344
-0.0339325219392777
-0.0339936800301075
-0.0340549275279045
-0.0341162569820881
-0.0341776721179485
-0.0342391692101955
-0.0343007519841194
-0.0343624167144299
-0.0344241671264172
-0.0344860032200813
-0.0345479249954224
-0.0346099287271500
-0.0346720181405544
-0.0347341969609261
-0.0347964540123940
-0.0348588004708290
-0.0349212288856506
-0.0349837467074394
-0.0350463464856148
-0.0351090356707573
-0.0351718068122864
-0.0352346636354923
-0.0352976061403751
-0.0353606343269348
-0.0354237481951714
-0.0354869477450848
-0.0355502367019653
-0.0356136076152325
-0.0356770679354668
-0.0357406102120876
-0.0358042418956757
-0.0358679592609406
-0.0359317623078823
-0.0359956510365009
-0.0360596291720867
-0.0361236967146397
-0.0361878499388695
-0.0362520851194859
-0.0363164097070694
-0.0363808162510395
-0.0364453122019768
-0.0365098938345909
-0.0365745648741722
-0.0366393178701401
-0.0367041639983654
-0.0367690958082676
-0.0368341132998467
-0.0368992201983929
-0.0369644165039063
-0.0370296984910965
-0.0370950661599636
-0.0371605232357979
-0.0372260734438896
-0.0372917056083679
-0.0373574309051037
-0.0374232418835163
-0.0374891422688961
-0.0375551283359528
-0.0376212075352669
-0.0376873724162579
-0.0377536267042160
-0.0378199666738510
-0.0378863960504532
-0.0379529185593128
-0.0380195267498493
-0.0380862243473530
-0.0381530150771141
-0.0382198914885521
-0.0382868573069572
-0.0383539125323296
-0.0384210608899593
-0.0384882912039757
-0.0385556146502495
-0.0386230312287807
-0.0386905372142792
-0.0387581326067448
-0.0388258174061775
-0.0388935916125774
-0.0389614552259445
-0.0390294082462788
-0.0390974506735802
-0.0391655862331390
-0.0392338149249554
-0.0393021292984486
-0.0393705368041992
-0.0394390337169170
-0.0395076237618923
-0.0395763032138348
-0.0396450720727444
-0.0397139340639114
-0.0397828891873360
-0.0398519337177277
-0.0399210713803768
-0.0399902984499931
-0.0400596149265766
-0.0401290245354176
-0.0401985272765160
-0.0402681231498718
-0.0403378084301949
-0.0404075905680656
-0.0404774621129036
-0.0405474230647087
-0.0406174734234810
-0.0406876243650913
-0.0407578609883785
-0.0408281944692135
-0.0408986173570156
-0.0409691333770752
-0.0410397425293922
-0.0411104448139668
-0.0411812402307987
-0.0412521287798882
-0.0413231104612350
-0.0413941815495491
-0.0414653494954109
-0.0415366142988205
-0.0416079685091972
-0.0416794158518314
-0.0417509563267231
-0.0418225899338722
-0.0418943203985691
-0.0419661402702332
-0.0420380569994450
-0.0421100705862045
-0.0421821773052216
-0.0422543734312058
-0.0423266664147377
-0.0423990525305271
-0.0424715355038643
-0.0425441153347492
-0.0426167882978916
-0.0426895506680012
-0.0427624098956585
-0.0428353659808636
-0.0429084151983261
-0.0429815612733364
-0.0430548004806042
-0.0431281365454197
-0.0432015657424927
-0.0432750955224037
-0.0433487147092819
-0.0434224307537079
-0.0434962436556816
-0.0435701496899128
-0.0436441563069820
-0.0437182597815990
-0.0437924563884735
-0.0438667498528957
-0.0439411364495754
-0.0440156199038029
-0.0440902039408684
-0.0441648811101913
-0.0442396551370621
-0.0443145260214806
-0.0443894937634468
-0.0444645583629608
-0.0445397160947323
-0.0446149781346321
-0.0446903295814991
-0.0447657853364944
-0.0448413342237473
-0.0449169799685478
-0.0449927262961865
-0.0450685657560825
-0.0451445057988167
-0.0452205389738083
-0.0452966727316380
-0.0453729070723057
-0.0454492382705212
-0.0455256700515747
-0.0456021949648857
-0.0456788204610348
-0.0457555428147316
-0.0458323620259762
-0.0459092818200588
-0.0459863021969795
-0.0460634194314480
-0.0461406335234642
-0.0462179481983185
-0.0462953634560108
-0.0463728718459606
-0.0464504845440388
-0.0465281940996647
-0.0466060042381287
-0.0466839112341404
-0.0467619225382805
-0.0468400306999683
-0.0469182394444943
-0.0469965487718582
-0.0470749586820602
-0.0471534617245197
-0.0472320690751076
-0.0473107770085335
-0.0473895855247974
-0.0474684946238995
-0.0475475005805492
-0.0476266108453274
-0.0477058179676533
-0.0477851256728172
-0.0478645339608192
-0.0479440465569496
-0.0480236560106278
-0.0481033697724342
-0.0481831803917885
-0.0482630953192711
-0.0483431033790112
-0.0484232157468796
-0.0485034249722958
-0.0485837422311306
-0.0486641563475132
-0.0487446710467339
-0.0488252900540829
-0.0489060096442699
-0.0489868335425854
-0.0490677580237389
-0.0491487868130207
-0.0492299124598503
-0.0493111461400986
-0.0493924766778946
-0.0494739152491093
-0.0495554506778717
-0.0496370941400528
-0.0497188381850719
-0.0498006828129292
-0.0498826354742050
-0.0499646887183189
-0.0500468425452709
-0.0501291006803513
-0.0502114631235600
-0.0502939336001873
-0.0503765009343624
-0.0504591725766659
-0.0505419485270977
-0.0506248287856579
-0.0507078133523464
-0.0507909059524536
-0.0508740954101086
-0.0509573891758919
-0.0510407872498035
-0.0511242933571339
-0.0512079000473022
-0.0512916110455990
-0.0513754300773144
-0.0514593496918678
-0.0515433773398399
-0.0516275130212307
-0.0517117530107498
-0.0517960935831070
-0.0518805421888828
-0.0519650951027870
-0.0520497523248196
-0.0521345175802708
-0.0522193871438503
-0.0523043610155582
-0.0523894429206848
-0.0524746328592300
-0.0525599233806133
-0.0526453219354153
-0.0527308285236359
-0.0528164431452751
-0.0529021583497524
-0.0529879815876484
-0.0530739128589630
-0.0531599521636963
-0.0532460957765579
-0.0533323474228382
-0.0534187033772469
-0.0535051710903645
-0.0535917431116104
-0.0536784194409847
-0.0537652038037777
-0.0538520999252796
-0.0539391003549099
-0.0540262088179588
-0.0541134253144264
-0.0542007498443127
-0.0542881786823273
-0.0543757192790508
-0.0544633679091930
-0.0545511245727539
-0.0546389855444431
-0.0547269545495510
-0.0548150353133678
-0.0549032241106033
-0.0549915209412575
-0.0550799295306206
-0.0551684461534023
-0.0552570670843124
-0.0553457960486412
-0.0554346367716789
-0.0555235855281353
-0.0556126423180103
-0.0557018108665943
-0.0557910911738873
-0.0558804795145988
-0.0559699796140194
-0.0560595877468586
-0.0561493039131165
-0.0562391281127930
-0.0563290640711784
-0.0564191117882729
-0.0565092712640762
-0.0565995387732983
-0.0566899143159390
-0.0567804053425789
-0.0568710044026375
-0.0569617114961147
-0.0570525340735912
-0.0571434646844864
-0.0572345070540905
-0.0573256611824036
-0.0574169233441353
-0.0575083009898663
-0.0575997866690159
-0.0576913878321648
-0.0577830970287323
-0.0578749217092991
-0.0579668544232845
-0.0580588988959789
-0.0581510551273823
-0.0582433231174946
-0.0583357065916061
-0.0584281980991364
-0.0585208050906658
-0.0586135238409042
-0.0587063506245613
-0.0587992928922176
-0.0588923506438732
-0.0589855201542378
-0.0590788051486015
-0.0591721981763840
-0.0592657029628754
-0.0593593232333660
-0.0594530589878559
-0.0595469065010548
-0.0596408694982529
-0.0597349442541599
-0.0598291344940662
-0.0599234364926815
-0.0600178539752960
-0.0601123832166195
-0.0602070279419422
-0.0603017807006836
-0.0603966489434242
-0.0604916252195835
-0.0605867207050324
-0.0606819316744804
-0.0607772581279278
-0.0608726963400841
-0.0609682500362396
-0.0610639154911041
-0.0611597001552582
-0.0612556003034115
-0.0613516122102737
-0.0614477433264256
-0.0615439899265766
-0.0616403482854366
-0.0617368258535862
-0.0618334189057350
-0.0619301274418831
-0.0620269514620304
-0.0621238909661770
-0.0622209459543228
-0.0623181201517582
-0.0624154098331928
-0.0625128149986267
-0.0626103356480598
-0.0627079755067825
-0.0628057271242142
-0.0629035979509354
-0.0630015879869461
-0.0630996972322464
-0.0631979182362557
-0.0632962584495544
-0.0633947178721428
-0.0634932965040207
-0.0635919868946075
-0.0636907964944840
-0.0637897253036499
-0.0638887733221054
-0.0639879330992699
-0.0640872195363045
-0.0641866177320480
-0.0642861351370812
-0.0643857717514038
-0.0644855350255966
-0.0645854100584984
-0.0646853968501091
-0.0647855103015900
-0.0648857429623604
-0.0649860873818398
-0.0650865584611893
-0.0651871412992477
-0.0652878507971764
-0.0653886795043945
-0.0654896274209023
-0.0655906870961189
-0.0656918734312058
-0.0657931789755821
-0.0658946037292481
-0.0659961551427841
-0.0660978183150291
-0.0661996006965637
-0.0663015097379684
-0.0664035379886627
-0.0665056854486466
-0.0666079521179199
-0.0667103379964829
-0.0668128505349159
-0.0669154822826386
-0.0670182332396507
-0.0671211034059525
-0.0672240927815437
-0.0673272088170052
-0.0674304515123367
-0.0675338059663773
-0.0676372870802879
-0.0677408874034882
-0.0678446069359779
-0.0679484531283379
-0.0680524185299873
-0.0681565105915070
-0.0682607293128967
-0.0683650597929955
-0.0684695169329643
-0.0685740932822228
-0.0686787962913513
-0.0687836185097694
-0.0688885673880577
-0.0689936354756355
-0.0690988302230835
-0.0692041516304016
-0.0693095922470093
-0.0694151520729065
-0.0695208460092545
-0.0696266517043114
-0.0697325840592384
-0.0698386430740356
-0.0699448212981224
-0.0700511261820793
-0.0701575577259064
-0.0702641159296036
-0.0703708007931709
-0.0704776048660278
-0.0705845281481743
-0.0706915780901909
-0.0707987546920776
-0.0709060579538345
-0.0710134878754616
-0.0711210444569588
-0.0712287202477455
-0.0713365152478218
-0.0714444443583489
-0.0715525001287460
-0.0716606825590134
-0.0717689916491509
-0.0718774199485779
-0.0719859749078751
-0.0720946565270424
-0.0722034648060799
-0.0723123922944069
-0.0724214389920235
-0.0725306198000908
-0.0726399272680283
-0.0727493613958359
-0.0728589221835136
-0.0729686021804810
-0.0730784237384796
-0.0731883645057678
-0.0732984319329262
-0.0734086334705353
-0.0735189542174339
-0.0736294016242027
-0.0737399756908417
-0.0738506838679314
-0.0739615187048912
-0.0740724802017212
-0.0741835609078407
-0.0742947831749916
-0.0744061246514320
-0.0745176002383232
-0.0746292024850845
-0.0747409388422966
-0.0748527944087982
-0.0749647840857506
-0.0750769004225731
-0.0751891508698463
-0.0753015279769898
-0.0754140317440033
-0.0755266696214676
-0.0756394267082214
-0.0757523253560066
-0.0758653506636620
-0.0759785026311874
-0.0760917812585831
-0.0762051939964294
-0.0763187333941460
-0.0764324069023132
-0.0765462070703507
-0.0766601413488388
-0.0767742097377777
-0.0768884047865868
-0.0770027264952660
-0.0771171823143959
-0.0772317722439766
-0.0773464962840080
-0.0774613395333290
-0.0775763168931007
-0.0776914209127426
-0.0778066664934158
-0.0779220387339592
-0.0780375450849533
-0.0781531855463982
-0.0782689601182938
-0.0783848613500595
-0.0785008966922760
-0.0786170661449432
-0.0787333697080612
-0.0788498073816299
-0.0789663717150688
-0.0790830701589584
-0.0791999027132988
-0.0793168693780899
-0.0794339627027512
-0.0795511901378632
-0.0796685516834259
-0.0797860473394394
-0.0799036771059036
-0.0800214335322380
-0.0801393315196037
-0.0802573561668396
-0.0803755149245262
-0.0804938152432442
-0.0806122422218323
-0.0807308107614517
-0.0808495059609413
-0.0809683352708817
-0.0810873061418533
-0.0812064111232758
-0.0813256502151489
-0.0814450159668922
-0.0815645232796669
-0.0816841721534729
-0.0818039476871491
-0.0819238573312759
-0.0820439085364342
-0.0821640864014626
-0.0822844058275223
-0.0824048593640328
-0.0825254544615746
-0.0826461762189865
-0.0827670395374298
-0.0828880369663239
-0.0830091685056686
-0.0831304416060448
-0.0832518413662911
-0.0833733901381493
-0.0834950655698776
-0.0836168900132179
-0.0837388411164284
-0.0838609337806702
-0.0839831605553627
-0.0841055139899254
-0.0842280089855194
-0.0843506455421448
-0.0844734087586403
-0.0845963209867477
-0.0847193673253059
-0.0848425477743149
-0.0849658623337746
-0.0850893259048462
-0.0852129161357880
-0.0853366479277611
-0.0854605212807655
-0.0855845287442207
-0.0857086777687073
-0.0858329758048058
-0.0859574005007744
-0.0860819667577744
-0.0862066745758057
-0.0863315090537071
-0.0864564925432205
-0.0865816175937653
-0.0867068842053413
-0.0868322849273682
-0.0869578272104263
-0.0870835110545158
-0.0872093364596367
-0.0873352885246277
-0.0874613896012306
-0.0875876322388649
-0.0877140164375305
-0.0878405421972275
-0.0879672095179558
-0.0880940183997154
-0.0882209613919258
-0.0883480459451675
-0.0884752720594406
-0.0886026397347450
-0.0887301489710808
-0.0888577997684479
-0.0889855921268463
-0.0891135260462761
-0.0892416015267372
-0.0893698260188103
-0.0894981846213341
-0.0896266922354698
-0.0897553339600563
-0.0898841246962547
-0.0900130495429039
-0.0901421234011650
-0.0902713388204575
-0.0904006958007813
-0.0905301943421364
-0.0906598269939423
-0.0907896235585213
-0.0909195542335510
-0.0910496264696121
-0.0911798477172852
-0.0913102030754089
-0.0914407074451447
-0.0915713533759117
-0.0917021483182907
-0.0918330848217011
-0.0919641628861427
-0.0920953899621964
-0.0922267585992813
-0.0923582687973976
-0.0924899280071259
-0.0926217362284660
-0.0927536860108376
-0.0928857773542404
-0.0930180102586746
-0.0931503921747208
-0.0932829156517983
-0.0934155955910683
-0.0935484170913696
-0.0936813801527023
-0.0938144922256470
-0.0939477458596230
-0.0940811559557915
-0.0942147001624107
-0.0943483933806419
-0.0944822356104851
-0.0946162194013596
-0.0947503596544266
-0.0948846340179443
-0.0950190648436546
-0.0951536372303963
-0.0952883586287499
-0.0954232215881348
-0.0955582410097122
-0.0956934094429016
-0.0958287194371223
-0.0959641784429550
-0.0960997715592384
-0.0962355136871338
-0.0963714122772217
-0.0965074449777603
-0.0966436341404915
-0.0967799797654152
-0.0969164595007896
-0.0970530956983566
-0.0971898809075356
-0.0973268076777458
-0.0974638909101486
-0.0976011157035828
-0.0977384969592094
-0.0978760197758675
-0.0980136990547180
-0.0981515273451805
-0.0982895046472549
-0.0984276235103607
-0.0985658988356590
-0.0987043231725693
-0.0988428965210915
-0.0989816188812256
-0.0991204977035523
-0.0992595255374908
-0.0993987023830414
-0.0995380207896233
-0.0996774956583977
-0.0998171195387840
-0.0999568998813629
-0.100096829235554
-0.100236907601357
-0.100377142429352
-0.100517526268959
-0.100658059120178
-0.100798740983009
-0.100939579308033
-0.101080574095249
-0.101221710443497
-0.101363003253937
-0.101504445075989
-0.101646043360233
-0.101787798106670
-0.101929709315300
-0.102071762084961
-0.102213971316814
-0.102356337010860
-0.102498851716518
-0.102641515433788
-0.102784343063831
-0.102927319705486
-0.103070445358753
-0.103213727474213
-0.103357158601284
-0.103500753641129
-0.103644497692585
-0.103788390755653
-0.103932447731495
-0.104076661169529
-0.104221016168594
-0.104365535080433
-0.104510210454464
-0.104655034840107
-0.104800015687943
-0.104945152997971
-0.105090446770191
-0.105235889554024
-0.105381488800049
-0.105527251958847
-0.105673164129257
-0.105819232761860
-0.105965457856655
-0.106111831963062
-0.106258369982243
-0.106405064463615
-0.106551915407181
-0.106698915362358
-0.106846079230309
-0.106993392109871
-0.107140868902206
-0.107288502156734
-0.107436291873455
-0.107584245502949
-0.107732340693474
-0.107880607247353
-0.108029015362263
-0.108177579939365
-0.108326300978661
-0.108475185930729
-0.108624227344990
-0.108773425221443
-0.108922779560089
-0.109072290360928
-0.109221957623959
-0.109371796250343
-0.109521783888340
-0.109671927988529
-0.109822236001492
-0.109972700476646
-0.110123328864574
-0.110274121165276
-0.110425062477589
-0.110576160252094
-0.110727421939373
-0.110878847539425
-0.111030429601669
-0.111182175576687
-0.111334078013897
-0.111486144363880
-0.111638374626637
-0.111790753901005
-0.111943297088146
-0.112095996737480
-0.112248860299587
-0.112401887774467
-0.112555071711540
-0.112708419561386
-0.112861931324005
-0.113015606999397
-0.113169446587563
-0.113323442637920
-0.113477602601051
-0.113631926476955
-0.113786406815052
-0.113941051065922
-0.114095859229565
-0.114250823855400
-0.114405952394009
-0.114561252295971
-0.114716708660126
-0.114872328937054
-0.115028113126755
-0.115184053778648
-0.115340165793896
-0.115496441721916
-0.115652874112129
-0.115809470415115
-0.115966238081455
-0.116123162209988
-0.116280250251293
-0.116437509655952
-0.116594932973385
-0.116752512753010
-0.116910263895988
-0.117068178951740
-0.117226250469685
-0.117384500801563
-0.117542907595634
-0.117701478302479
-0.117860220372677
-0.118019118905067
-0.118178188800812
-0.118337415158749
-0.118496820330620
-0.118656381964684
-0.118816114962101
-0.118976011872292
-0.119136072695255
-0.119296297430992
-0.119456693530083
-0.119617260992527
-0.119777992367744
-0.119938880205154
-0.120099924504757
-0.120261140167713
-0.120422534644604
-0.120584078133106
-0.120745800435543
-0.120907694101334
-0.121069744229317
-0.121231965720654
-0.121394358575344
-0.121556915342808
-0.121719636023045
-0.121882535517216
-0.122045598924160
-0.122208826243877
-0.122372224926949
-0.122535794973373
-0.122699536383152
-0.122863441705704
-0.123027525842190
-0.123191766440868
-0.123356178402901
-0.123520761728287
-0.123685516417027
-0.123850435018539
-0.124015532433987
-0.124180801212788
-0.124346233904362
-0.124511837959290
-0.124677620828152
-0.124843567609787
-0.125009685754776
-0.125175967812538
-0.125342428684235
-0.125509068369865
-0.125675857067108
-0.125842839479446
-0.126009970903397
-0.126177296042442
-0.126344770193100
-0.126512423157692
-0.126680254936218
-0.126848250627518
-0.127016425132751
-0.127184763550758
-0.127353280782700
-0.127521976828575
-0.127690836787224
-0.127859860658646
-0.128029078245163
-0.128198459744453
-0.128368005156517
-0.128537729382515
-0.128707632422447
-0.128877699375153
-0.129047945141792
-0.129218369722366
-0.129388973116875
-0.129559725522995
-0.129730671644211
-0.129901796579361
-0.130073085427284
-0.130244553089142
-0.130416184663773
-0.130588009953499
-0.130759999155998
-0.130932152271271
-0.131104499101639
-0.131277009844780
-0.131449699401855
-0.131622567772865
-0.131795600056648
-0.131968796253204
-0.132142186164856
-0.132315739989281
-0.132489457726479
-0.132663369178772
-0.132837459445000
-0.133011713624001
-0.133186146616936
-0.133360758423805
-0.133535549044609
-0.133710518479347
-0.133885666728020
-0.134060993790627
-0.134236484766006
-0.134412154555321
-0.134588018059731
-0.134764045476913
-0.134940251708031
-0.135116636753082
-0.135293215513229
-0.135469958186150
-0.135646879673004
-0.135823979973793
-0.136001259088516
-0.136178717017174
-0.136356353759766
-0.136534169316292
-0.136712163686752
-0.136890336871147
-0.137068688869476
-0.137247219681740
-0.137425929307938
-0.137604817748070
-0.137783885002136
-0.137963145971298
-0.138142570853233
-0.138322189450264
-0.138501986861229
-0.138681963086128
-0.138862118124962
-0.139042451977730
-0.139222964644432
-0.139403656125069
-0.139584526419640
-0.139765590429306
-0.139946833252907
-0.140128254890442
-0.140309855341911
-0.140491649508476
-0.140673607587814
-0.140855759382248
-0.141038089990616
-0.141220614314079
-0.141403302550316
-0.141586184501648
-0.141769260168076
-0.141952499747276
-0.142135933041573
-0.142319545149803
-0.142503336071968
-0.142687305808067
-0.142871469259262
-0.143055826425552
-0.143240347504616
-0.143425062298775
-0.143609955906868
-0.143795013427734
-0.143980279564857
-0.144165709614754
-0.144351333379745
-0.144537121057510
-0.144723117351532
-0.144909292459488
-0.145095661282539
-0.145282194018364
-0.145468935370445
-0.145655855536461
-0.145842954516411
-0.146030232310295
-0.146217703819275
-0.146405369043350
-0.146593213081360
-0.146781221032143
-0.146969452500343
-0.147157847881317
-0.147346422076225
-0.147535204887390
-0.147724166512489
-0.147913306951523
-0.148102641105652
-0.148292168974876
-0.148481875658035
-0.148671776056290
-0.148861855268478
-0.149052128195763
-0.149242594838142
-0.149433240294456
-0.149624079465866
-0.149815097451210
-0.150006324052811
-0.150197714567184
-0.150389298796654
-0.150581091642380
-0.150773048400879
-0.150965213775635
-0.151157557964325
-0.151350095868111
-0.151542812585831
-0.151735737919807
-0.151928842067719
-0.152122139930725
-0.152315616607666
-0.152509301900864
-0.152703166007996
-0.152897223830223
-0.153091475367546
-0.153285920619965
-0.153480529785156
-0.153675362467766
-0.153870359063149
-0.154065564274788
-0.154260948300362
-0.154456526041031
-0.154652312397957
-0.154848277568817
-0.155044436454773
-0.155240789055824
-0.155437320470810
-0.155634060502052
-0.155830979347229
-0.156028077006340
-0.156225368380547
-0.156422853469849
-0.156620547175407
-0.156818404793739
-0.157016471028328
-0.157214745879173
-0.157413184642792
-0.157611832022667
-0.157810673117638
-0.158009707927704
-0.158208936452866
-0.158408358693123
-0.158607974648476
-0.158807784318924
-0.159007787704468
-0.159207999706268
-0.159408390522003
-0.159608975052834
-0.159809753298759
-0.160010740160942
-0.160211905837059
-0.160413265228271
-0.160614833235741
-0.160816594958305
-0.161018565297127
-0.161220714449883
-0.161423057317734
-0.161625593900681
-0.161828339099884
-0.162031292915344
-0.162234410643578
-0.162437736988068
-0.162641257047653
-0.162844985723495
-0.163048908114433
-0.163253039121628
-0.163457348942757
-0.163661852478981
-0.163866564631462
-0.164071470499039
-0.164276570081711
-0.164481878280640
-0.164687380194664
-0.164893075823784
-0.165098980069160
-0.165305078029633
-0.165511384606361
-0.165717884898186
-0.165924564003944
-0.166131451725960
-0.166338533163071
-0.166545823216438
-0.166753306984901
-0.166960984468460
-0.167168870568275
-0.167376950383186
-0.167585223913193
-0.167793691158295
-0.168002352118492
-0.168211221694946
-0.168420284986496
-0.168629541993141
-0.168839022517204
-0.169048711657524
-0.169258594512939
-0.169468671083450
-0.169678956270218
-0.169889435172081
-0.170100107789040
-0.170310989022255
-0.170522078871727
-0.170733347535133
-0.170944839715958
-0.171156510710716
-0.171368420124054
-0.171580508351326
-0.171792805194855
-0.172005310654640
-0.172218009829521
-0.172430902719498
-0.172644004225731
-0.172857329249382
-0.173070847988129
-0.173284560441971
-0.173498481512070
-0.173712596297264
-0.173926934599876
-0.174141466617584
-0.174356207251549
-0.174571141600609
-0.174786299467087
-0.175001651048660
-0.175217196345329
-0.175432950258255
-0.175648927688599
-0.175865098834038
-0.176081478595734
-0.176298052072525
-0.176514849066734
-0.176731839776039
-0.176949024200439
-0.177166447043419
-0.177384048700333
-0.177601873874664
-0.177819892764092
-0.178038135170937
-0.178256556391716
-0.178475216031075
-0.178694054484367
-0.178913116455078
-0.179132387042046
-0.179351851344109
-0.179571494460106
-0.179791375994682
-0.180011436343193
-0.180231735110283
-0.180452212691307
-0.180672913789749
-0.180893823504448
-0.181114926934242
-0.181336253881454
-0.181557789444923
-0.181779533624649
-0.182001471519470
-0.182223647832870
-0.182446002960205
-0.182668581604958
-0.182891353964806
-0.183114349842072
-0.183337554335594
-0.183560952544212
-0.183784574270248
-0.184008419513702
-0.184232473373413
-0.184456735849381
-0.184681192040443
-0.184905871748924
-0.185130760073662
-0.185355857014656
-0.185581162571907
-0.185806676745415
-0.186032414436340
-0.186258360743523
-0.186484515666962
-0.186710879206657
-0.186937451362610
-0.187164247035980
-0.187391251325607
-0.187618464231491
-0.187845885753632
-0.188073530793190
-0.188301384449005
-0.188529446721077
-0.188757717609406
-0.188986212015152
-0.189214900135994
-0.189443826675415
-0.189672961831093
-0.189902290701866
-0.190131843090057
-0.190361618995667
-0.190591603517532
-0.190821796655655
-0.191052213311195
-0.191282853484154
-0.191513672471046
-0.191744714975357
-0.191975966095924
-0.192207425832748
-0.192439123988152
-0.192671015858650
-0.192903116345406
-0.193135440349579
-0.193367987871170
-0.193600758910179
-0.193833723664284
-0.194066911935806
-0.194300323724747
-0.194533944129944
-0.194767788052559
-0.195001855492592
-0.195236116647720
-0.195470601320267
-0.195705309510231
-0.195940226316452
-0.196175381541252
-0.196410730481148
-0.196646317839623
-0.196882113814354
-0.197118133306503
-0.197354361414909
-0.197590798139572
-0.197827458381653
-0.198064342141151
-0.198301434516907
-0.198538750410080
-0.198776289820671
-0.199014052748680
-0.199252024292946
-0.199490219354630
-0.199728637933731
-0.199967280030251
-0.200206130743027
-0.200445204973221
-0.200684502720833
-0.200924009084702
-0.201163753867149
-0.201403707265854
-0.201643869280815
-0.201884269714355
-0.202124878764153
-0.202365711331368
-0.202606767416000
-0.202848047018051
-0.203089565038681
-0.203331291675568
-0.203573212027550
-0.203815355896950
-0.204057723283768
-0.204300314188004
-0.204543113708496
-0.204786151647568
-0.205029413104057
-0.205272898077965
-0.205516591668129
-0.205760523676872
-0.206004664301872
-0.206249028444290
-0.206493616104126
-0.206738442182541
-0.206983476877213
-0.207228735089302
-0.207474216818810
-0.207719936966896
-0.207965880632401
-0.208212032914162
-0.208458408713341
-0.208705022931099
-0.208951860666275
-0.209198921918869
-0.209446191787720
-0.209693714976311
-0.209941446781158
-0.210189402103424
-0.210437580943108
-0.210685998201370
-0.210934624075890
-0.211183488368988
-0.211432576179504
-0.211681887507439
-0.211931407451630
-0.212181180715561
-0.212431177496910
-0.212681397795677
-0.212931841611862
-0.213182508945465
-0.213433414697647
-0.213684543967247
-0.213935896754265
-0.214187473058701
-0.214439287781715
-0.214691326022148
-0.214943587779999
-0.215196087956429
-0.215448796749115
-0.215701714158058
-0.215954869985580
-0.216208249330521
-0.216461867094040
-0.216715708374977
-0.216969773173332
-0.217224076390266
-0.217478603124619
-0.217733368277550
-0.217988356947899
-0.218243569135666
-0.218499019742012
-0.218754693865776
-0.219010606408119
-0.219266757369041
-0.219523131847382
-0.219779744744301
-0.220036566257477
-0.220293641090393
-0.220550924539566
-0.220808461308479
-0.221066221594810
-0.221324205398560
-0.221582427620888
-0.221840873360634
-0.222099557518959
-0.222358494997025
-0.222617626190186
-0.222877010703087
-0.223136633634567
-0.223396480083466
-0.223656564950943
-0.223916873335838
-0.224177420139313
-0.224438205361366
-0.224699214100838
-0.224960461258888
-0.225221931934357
-0.225483655929565
-0.225745603442192
-0.226007789373398
-0.226270198822021
-0.226532861590385
-0.226795747876167
-0.227058857679367
-0.227322190999985
-0.227585762739182
-0.227849572896957
-0.228113621473312
-0.228377878665924
-0.228642389178276
-0.228907138109207
-0.229172125458717
-0.229437351226807
-0.229702800512314
-0.229968488216400
-0.230234414339066
-0.230500578880310
-0.230766981840134
-0.231033623218536
-0.231300503015518
-0.231567621231079
-0.231834977865219
-0.232102558016777
-0.232370376586914
-0.232638433575630
-0.232906728982925
-0.233175262808800
-0.233444035053253
-0.233713045716286
-0.233982294797897
-0.234251797199249
-0.234521523118019
-0.234791502356529
-0.235061705112457
-0.235332161188126
-0.235602855682373
-0.235873773694038
-0.236144945025444
-0.236416354775429
-0.236688002943993
-0.236959889531136
-0.237232014536858
-0.237504377961159
-0.237776979804039
-0.238049834966660
-0.238322913646698
-0.238596245646477
-0.238869816064835
-0.239143639802933
-0.239417672157288
-0.239691957831383
-0.239966467022896
-0.240241214632988
-0.240516215562820
-0.240791454911232
-0.241066932678223
-0.241342663764954
-0.241618633270264
-0.241894856095314
-0.242171302437782
-0.242447987198830
-0.242724940180779
-0.243002131581306
-0.243279546499252
-0.243557214736938
-0.243835121393204
-0.244113296270370
-0.244391694664955
-0.244670331478119
-0.244949221611023
-0.245228365063667
-0.245507746934891
-0.245787367224693
-0.246067240834236
-0.246347367763519
-0.246627718210220
-0.246908321976662
-0.247189179062843
-0.247470274567604
-0.247751608490944
-0.248033210635185
-0.248315036296844
-0.248597130179405
-0.248879462480545
-0.249162048101425
-0.249444872140884
-0.249727949500084
-0.250011265277863
-0.250294834375381
-0.250578641891480
-0.250862717628479
-0.251147001981735
-0.251431554555893
-0.251716345548630
-0.252001345157623
-0.252286642789841
-0.252572149038315
-0.252857923507690
-0.253143936395645
-0.253430217504501
-0.253716737031937
-0.254003524780273
-0.254290521144867
-0.254577785730362
-0.254865318536758
-0.255153089761734
-0.255441099405289
-0.255729377269745
-0.256017893552780
-0.256306648254395
-0.256595671176910
-0.256884932518005
-0.257174462080002
-0.257464230060577
-0.257754266262054
-0.258044540882111
-0.258335083723068
-0.258625864982605
-0.258916884660721
-0.259208172559738
-0.259499698877335
-0.259791493415833
-0.260083526372910
-0.260375827550888
-0.260668367147446
-0.260961174964905
-0.261254221200943
-0.261547505855560
-0.261841058731079
-0.262134879827499
-0.262428969144821
-0.262723267078400
-0.263017863035202
-0.263312667608261
-0.263607710599899
-0.263903021812439
-0.264198571443558
-0.264494419097900
-0.264790475368500
-0.265086799860001
-0.265383392572403
-0.265680223703384
-0.265977323055267
-0.266274690628052
-0.266572296619415
-0.266870141029358
-0.267168253660202
-0.267466634511948
-0.267765253782272
-0.268064171075821
-0.268363326787949
-0.268662720918655
-0.268962353467941
-0.269262284040451
-0.269562453031540
-0.269862860441208
-0.270163565874100
-0.270464509725571
-0.270765721797943
-0.271067172288895
-0.271368920803070
-0.271670877933502
-0.271973133087158
-0.272275626659393
-0.272578388452530
-0.272881418466568
-0.273184686899185
-0.273488253355026
-0.273792028427124
-0.274096101522446
-0.274400413036346
-0.274704992771149
-0.275009840726852
-0.275314897298813
-0.275620222091675
-0.275925815105438
-0.276231646537781
-0.276537775993347
-0.276844143867493
-0.277150750160217
-0.277457654476166
-0.277764797210693
-0.278072208166122
-0.278379917144775
-0.278687834739685
-0.278996050357819
-0.279304504394531
-0.279613226652145
-0.279922217130661
-0.280231475830078
-0.280541002750397
-0.280850768089294
-0.281160801649094
-0.281471103429794
-0.281781673431397
-0.282092511653900
-0.282403618097305
-0.282714962959290
-0.283026605844498
-0.283338487148285
-0.283650636672974
-0.283963084220886
-0.284275770187378
-0.284588694572449
-0.284901916980743
-0.285215407609940
-0.285529136657715
-0.285843133926392
-0.286157429218292
-0.286471962928772
-0.286786764860153
-0.287101835012436
-0.287417143583298
-0.287732690572739
-0.288048565387726
-0.288364678621292
-0.288681060075760
-0.288997709751129
-0.289314627647400
-0.289631813764572
-0.289949268102646
-0.290266960859299
-0.290584981441498
-0.290903240442276
-0.291221737861633
-0.291540533304215
-0.291859567165375
-0.292178899049759
-0.292498499155045
-0.292818367481232
-0.293138474225998
-0.293458908796310
-0.293779581785202
-0.294100522994995
-0.294421732425690
-0.294743239879608
-0.295064985752106
-0.295386999845505
-0.295709311962128
-0.296031892299652
-0.296354711055756
-0.296677827835083
-0.297001212835312
-0.297324866056442
-0.297648787498474
-0.297972977161407
-0.298297464847565
-0.298622190952301
-0.298947155475616
-0.299272418022156
-0.299597948789597
-0.299923747777939
-0.300249814987183
-0.300576150417328
-0.300902783870697
-0.301229655742645
-0.301556795835495
-0.301884263753891
-0.302211970090866
-0.302539974451065
-0.302868217229843
-0.303196758031845
-0.303525567054749
-0.303854644298553
-0.304183989763260
-0.304513633251190
-0.304843544960022
-0.305173724889755
-0.305504202842712
-0.305834919214249
-0.306165933609009
-0.306497216224670
-0.306828767061234
-0.307160615921021
-0.307492733001709
-0.307825148105621
-0.308157801628113
-0.308490753173828
-0.308823943138123
-0.309157460927963
-0.309491217136383
-0.309825301170349
-0.310159623622894
-0.310494244098663
-0.310829102993012
-0.311164230108261
-0.311499625444412
-0.311835318803787
-0.312171280384064
-0.312507510185242
-0.312844038009644
-0.313180834054947
-0.313517928123474
-0.313855260610580
-0.314192920923233
-0.314530819654465
-0.314869046211243
-0.315207511186600
-0.315546274185181
-0.315885335206986
-0.316224634647369
-0.316564261913300
-0.316904157400131
-0.317244321107864
-0.317584782838821
-0.317925512790680
-0.318266510963440
-0.318607807159424
-0.318949371576309
-0.319291234016418
-0.319633364677429
-0.319975793361664
-0.320318490266800
-0.320661485195160
-0.321004748344421
-0.321348309516907
-0.321692138910294
-0.322036296129227
-0.322380661964417
-0.322725355625153
-0.323070317506790
-0.323415547609329
-0.323761045932770
-0.324106812477112
-0.324452906847000
-0.324799269437790
-0.325145900249481
-0.325492829084396
-0.325840055942535
-0.326187551021576
-0.326535344123840
-0.326883405447006
-0.327231764793396
-0.327580422163010
-0.327929347753525
-0.328278571367264
-0.328628063201904
-0.328977853059769
-0.329327940940857
-0.329678297042847
-0.330028951168060
-0.330379873514175
-0.330731093883514
-0.331082612276077
-0.331434398889542
-0.331786483526230
-0.332138866186142
-0.332491517066956
-0.332844465970993
-0.333197712898254
-0.333551228046417
-0.333905071020126
-0.334259152412415
-0.334613561630249
-0.334968209266663
-0.335323154926300
-0.335678398609161
-0.336033910512924
-0.336389720439911
-0.336745828390121
-0.337102204561234
-0.337458878755569
-0.337815850973129
-0.338173121213913
-0.338530689477921
-0.338888525962830
-0.339246660470963
-0.339605093002319
-0.339963793754578
-0.340322822332382
-0.340682119131088
-0.341041713953018
-0.341401606798172
-0.341761767864227
-0.342122256755829
-0.342483043670654
-0.342844098806381
-0.343205422163010
-0.343567073345184
-0.343929022550583
-0.344291239976883
-0.344653785228729
-0.345016598701477
-0.345379680395126
-0.345743089914322
-0.346106797456741
-0.346470773220062
-0.346835047006607
-0.347199618816376
-0.347564458847046
-0.347929626703262
-0.348295032978058
-0.348660767078400
-0.349026769399643
-0.349393099546433
-0.349759697914124
-0.350126624107361
-0.350493848323822
-0.350861340761185
-0.351229161024094
-0.351597279310226
-0.351965695619583
-0.352334380149841
-0.352703392505646
-0.353072702884674
-0.353442311286926
-0.353812187910080
-0.354182362556458
-0.354552835226059
-0.354923605918884
-0.355294674634933
-0.355666041374207
-0.356037706136704
-0.356409668922424
-0.356781929731369
-0.357154488563538
-0.357527375221252
-0.357900530099869
-0.358273983001709
-0.358647704124451
-0.359021753072739
-0.359396070241928
-0.359770685434341
-0.360145658254623
