0
0
0
0
0
0
0
0
0
0
0
0
0
0
0
0
0
0
0
0
0
-4.36648497270653e-06
-0.000747180718462914
5.23935086675920e-05
-0.00178522011265159
0.000276090431725606
-0.00315736024640501
0.00100479775574058
-0.000899338629096746
0.00277266860939562
0.00704684760421515
0.00541969249024987
0.0237905196845531
0.00902761239558458
0.0529022961854935
0.0128122316673398
0.0992690101265907
0.0211915671825409
0.0915164351463318
0.00204224651679397
0.119120717048645
-0.0186217594891787
0.140451192855835
-0.125730335712433
0.150780171155930
0.0127733349800110
0.219489634037018
-0.0655424594879150
0.0131699889898300
0.0569725930690765
-0.477253139019012
0.202010393142700
-1.14943146705627
0.250376790761948
-0.994743764400482
0.133997678756714
-1.49767589569092
-0.196828484535217
-2.11689448356628
-0.911162853240967
-4.30467176437378
-1.23879337310791
31.2400722503662
-3.54356336593628
-26.1557102203369
-7.79165840148926
1.22459912300110
17.6930999755859
15.2593269348145
52.8402404785156
37.2271842956543
-11.4445581436157
3.96658182144165
3.53592967987061
-9.58977127075195
-9.77703952789307
-50.0300865173340
5.11400699615479
64.0068511962891
-40.0134963989258
-11.7667703628540
10.0384483337402
6.50500869750977
9.17521381378174
-10.0754299163818
36.2389678955078
-23.0716400146484
28.3180694580078
17.0692539215088
-48.0458641052246
-11.1223602294922
-6.67004108428955
-10.8243083953857
-48.2845764160156
45.9763488769531
35.5136833190918
-28.4864177703857
44.4487190246582
35.4106903076172
-18.5612297058105
-50.5984878540039
-2.74568557739258
-13.6671037673950
-10.5406513214111
40.8392105102539
-39.6200866699219
-26.2053470611572
9.42117500305176
-31.4042892456055
-0.386880874633789
22.9769401550293
-20.1259460449219
4.42750549316406
54.0993003845215
25.1013031005859
45.4781112670898
53.6026306152344
59.4080123901367
37.6259956359863
-23.0044612884522
-12.4784173965454
10.0456151962280
19.3202037811279
19.5989513397217
69.2128067016602
-8.82177734375000
9.25082111358643
58.4806022644043
-55.6166229248047
14.2877712249756
32.2141075134277
33.5107154846191
16.1133422851563
-15.5691289901733
52.6962547302246
-13.2556877136230
-45.3768844604492
-7.76243305206299
6.89634561538696
57.0280380249023
10.8147926330566
-40.7040863037109
34.2829322814941
17.5894107818604
-27.7612648010254
2.10851764678955
36.5171928405762
29.6674766540527
-18.1586894989014
35.3764495849609
-7.35634422302246
-19.1063499450684
50.9577941894531
-24.7376060485840
34.5031089782715
28.7340888977051
-35.3985290527344
9.96474456787109
-33.6677436828613
-3.46980094909668
69.7668533325195
2.74073576927185
8.62287330627441
26.5207366943359
-37.0269508361816
20.6266345977783
32.6397781372070
30.7916488647461
31.8266468048096
-9.50194835662842
11.6434497833252
-6.33880186080933
25.9981956481934
40.0197143554688
-42.7410774230957
40.8537979125977
34.9554748535156
-16.6180400848389
52.6161804199219
-28.3701972961426
-9.96270370483398
14.4374628067017
-43.0025787353516
-11.2655963897705
77.9197921752930
2.69919967651367
-27.5453758239746
69.5471725463867
2.34175729751587
33.3479499816895
7.92644023895264
-10.0538854598999
54.1327438354492
49.3649253845215
-9.10667419433594
0.553097963333130
23.9000625610352
-49.7763290405273
-23.8864059448242
11.2395191192627
34.5446701049805
14.1101760864258
21.9295082092285
-5.70205354690552
8.75474929809570
14.8303689956665
-33.3999404907227
20.8965435028076
-19.1962184906006
-5.70614385604858
-5.16263341903687
26.9686584472656
49.9360961914063
-6.80894184112549
61.5069885253906
-5.33454322814941
-18.1610908508301
95.3027267456055
-0.988546848297119
-33.0551147460938
-7.17101430892944
3.06470108032227
55.5128593444824
22.0493774414063
32.0901489257813
42.3924789428711
-5.57402610778809
-53.9039611816406
29.2379837036133
12.7760038375855
-33.4739913940430
70.1904373168945
7.53231000900269
-15.9694938659668
10.2047090530396
1.91303420066834
14.2189054489136
12.4335460662842
36.5745239257813
51.8352050781250
-2.83018374443054
22.3332843780518
38.5922012329102
-50.8824577331543
33.8174362182617
58.9347229003906
13.9308738708496
-7.56905746459961
-32.6379089355469
50.9085693359375
-5.31897544860840
-60.5835304260254
28.1854553222656
52.2372627258301
3.06904053688049
23.1700210571289
-28.2376556396484
-25.5243053436279
64.0157470703125
-52.8022804260254
43.8390426635742
38.8378219604492
-7.95340061187744
36.9797134399414
-46.9399795532227
24.3409137725830
1.88263821601868
44.1051216125488
5.93641471862793
-7.97888851165772
52.6567344665527
-23.2779216766357
-15.7320356369019
-20.9294223785400
36.2117156982422
39.7686271667481
1.23998689651489
-7.96164512634277
-5.87530899047852
27.3634166717529
29.0579605102539
9.88562583923340
-40.6915512084961
8.63047409057617
13.8013057708740
-51.9633712768555
-7.19797515869141
33.3328819274902
21.9221305847168
11.4901924133301
51.9305114746094
-0.905254364013672
-27.8309516906738
53.1786422729492
14.5083036422730
12.1202497482300
31.8629341125488
-40.8554878234863
20.8463134765625
45.8774833679199
-47.7182960510254
15.0313739776611
35.9676361083984
2.72911834716797
-14.8326120376587
-38.2085647583008
-9.28870582580566
-25.0940780639648
-25.5199356079102
22.9000320434570
5.81539916992188
-47.5068969726563
29.4747314453125
-15.5700340270996
-56.5953216552734
78.2079620361328
20.4092063903809
13.8852043151855
-11.2901077270508
2.02415752410889
42.2248153686523
-48.0538330078125
63.2717323303223
35.9720726013184
-39.6885452270508
9.59564018249512
8.63940906524658
-32.3345565795898
-13.8495254516602
21.7789707183838
34.9500274658203
33.9155158996582
9.52370834350586
38.0561180114746
-22.3283176422119
28.1079082489014
10.7839803695679
-22.5873756408691
41.8044738769531
26.9525108337402
54.6135864257813
-4.97745513916016
2.84913420677185
67.5051879882813
24.0971622467041
-21.8976058959961
26.2237663269043
-12.7868785858154
-29.8806495666504
60.7927970886231
-23.5096950531006
-25.3418560028076
-16.7422084808350
-3.56266188621521
45.1649475097656
-11.2102479934692
9.63737010955811
-31.5471973419189
16.4455680847168
20.3996295928955
13.6805706024170
65.3045654296875
-51.9049758911133
47.0212135314941
40.4404220581055
1.40559375286102
27.9350261688232
-44.3829650878906
39.0394973754883
-16.9465179443359
19.4083728790283
38.6163330078125
-63.1704750061035
-15.8239498138428
27.2696723937988
34.4184646606445
-59.1428604125977
-29.0026245117188
-7.65918684005737
-32.1021156311035
22.3302459716797
12.7433300018311
-5.69897890090942
3.83952236175537
69.8979415893555
-4.27690362930298
-29.4062194824219
41.6185913085938
-0.892475128173828
-8.75788402557373
-13.9065332412720
23.8167648315430
45.4065856933594
20.8610076904297
-18.0559158325195
14.9132843017578
12.9760112762451
-44.7619438171387
70.5763092041016
33.9339065551758
-17.4320869445801
24.5437297821045
-17.0280914306641
26.9696025848389
15.3426570892334
-61.3990097045898
10.2591419219971
2.48091030120850
-44.1910667419434
54.5015068054199
2.54540443420410
3.62370133399963
-5.76203346252441
-50.7644920349121
37.8727226257324
-27.1260528564453
29.3218574523926
9.27345085144043
-35.9841423034668
39.0630531311035
-29.0526199340820
45.7288208007813
40.3839645385742
-7.02909994125366
5.54653167724609
24.9895572662354
46.2275390625000
7.02409696578980
38.6816787719727
14.0787773132324
-34.2175788879395
14.9143142700195
33.6453056335449
-51.8049125671387
-3.77425956726074
-8.06125068664551
-66.0393905639648
10.7830572128296
11.5929841995239
-22.8739280700684
21.0065193176270
36.5568275451660
-54.6902809143066
-12.1895675659180
49.2876892089844
10.4903736114502
29.6695671081543
61.9583282470703
12.8135433197021
-14.6482410430908
94.0389480590820
14.7629432678223
-25.8689785003662
51.4437332153320
-38.1559753417969
-10.6137123107910
8.97843647003174
-3.52537488937378
15.5552701950073
-8.58090877532959
6.06710004806519
54.9063262939453
0.840554237365723
-18.3951263427734
68.5332336425781
-52.4331436157227
-19.7965621948242
79.6773529052734
18.2178726196289
-11.9622697830200
-30.8367214202881
-23.8521575927734
-9.63116359710693
73.3603286743164
6.80529880523682
-46.1434288024902
47.2094039916992
36.4206771850586
-6.11949443817139
-5.60782909393311
49.4771804809570
-14.1874809265137
-11.1069297790527
52.3636245727539
-42.1893882751465
31.8191699981689
41.4301033020020
-46.4650955200195
-26.5954246520996
-15.3128118515015
39.0356788635254
16.8183078765869
38.0760917663574
30.3154850006104
-5.81820201873779
50.8968353271484
-24.7120933532715
-4.66591739654541
4.14768981933594
-48.5884857177734
12.0973625183105
-26.0858230590820
-37.1806144714356
22.0940742492676
34.3928756713867
2.75750517845154
14.4601755142212
2.02506256103516
-39.5502014160156
-11.5595312118530
40.8590965270996
23.1320075988770
-56.3849182128906
25.9168834686279
7.43653821945190
9.83763408660889
51.7549858093262
-23.5472240447998
30.9356155395508
-2.66043186187744
20.7977294921875
45.9745941162109
-7.05313491821289
-21.3472328186035
6.20927000045776
17.8253593444824
-28.2619838714600
26.1166801452637
-43.3319854736328
-29.1065845489502
54.3107185363770
-10.5349302291870
45.6708488464356
13.6142501831055
-40.1735458374023
20.9125480651855
-35.7438468933106
-9.64843654632568
5.44032716751099
9.17816162109375
49.8381690979004
35.7371368408203
53.4957046508789
-15.8221435546875
-13.1292715072632
-24.9170780181885
19.9780273437500
35.0059127807617
11.1314668655396
53.9194145202637
-14.9473352432251
13.2138519287109
5.52731800079346
-30.0658302307129
13.2152862548828
-0.0473270416259766
-62.0838165283203
40.0271072387695
11.4410190582275
-30.3330135345459
27.3408565521240
-46.3378562927246
8.26622962951660
-18.8620910644531
8.62357139587402
48.3174514770508
32.1018714904785
29.0353584289551
11.6745729446411
54.6754798889160
25.1094989776611
34.9193191528320
43.6295852661133
-0.918533325195313
-33.7426223754883
-7.08774328231812
-6.33222484588623
-33.1882438659668
-31.0943374633789
-21.8723545074463
-0.357658147811890
-9.49373912811279
-43.1649856567383
1.77206230163574
9.33415603637695
6.63983345031738
52.9506874084473
-7.40110874176025
37.2197113037109
23.5681114196777
23.3157196044922
53.9344558715820
1.83393001556396
32.6468391418457
47.5221138000488
-7.18850708007813
-25.1178627014160
69.3527526855469
10.5827579498291
1.89696168899536
16.6282558441162
14.7796230316162
22.3919639587402
-21.0985546112061
-1.82866644859314
-33.0518760681152
18.1375541687012
-26.3558425903320
-47.4236679077148
4.38449192047119
-11.3306188583374
38.6986389160156
-3.80652451515198
-25.5520305633545
68.8427505493164
-3.01611804962158
-35.1626892089844
55.2419662475586
-36.8586997985840
-3.67088699340820
58.2903213500977
-8.45603084564209
35.9408950805664
13.8370332717896
-21.3978939056397
18.7901401519775
26.1826038360596
-11.4369621276855
-29.2973346710205
49.9040451049805
18.8396778106689
-30.7874145507813
21.0890350341797
18.5381679534912
1.90547978878021
-13.0257167816162
48.3281211853027
41.5191421508789
37.9492454528809
19.7507324218750
-34.0772361755371
32.0829315185547
-15.6859312057495
17.8156051635742
38.8906326293945
30.0056304931641
13.1620903015137
-12.4063644409180
18.8432254791260
-14.8403778076172
39.9925956726074
-14.1493911743164
-32.7611885070801
36.2247734069824
19.4686737060547
-35.3564605712891
3.06590557098389
43.2786445617676
-6.32194137573242
-0.740796566009522
41.5374488830566
21.3616237640381
-41.2843475341797
40.7318229675293
10.0115280151367
-16.4469261169434
-9.19379615783691
-17.2648086547852
40.3293113708496
16.4341697692871
18.4207420349121
-33.4156455993652
34.5408668518066
20.0081863403320
-46.8864212036133
30.1330490112305
-31.2721710205078
22.5358791351318
23.9910030364990
-41.3722190856934
4.85309505462647
27.9961605072022
-3.89628791809082
-39.9112167358398
-24.7949867248535
3.18325138092041
11.3265743255615
-57.2811203002930
55.6156082153320
6.34612464904785
-24.3764114379883
52.5581588745117
-58.5079536437988
12.3803329467773
45.7016906738281
-10.7651643753052
-42.6195449829102
52.7515716552734
16.4283905029297
-26.0732688903809
10.6052513122559
10.9420166015625
33.1974449157715
-26.2626838684082
47.6246871948242
-9.42806816101074
-28.6917171478272
22.4917602539063
20.4540405273438
42.1882247924805
21.9935874938965
22.7304325103760
-45.1766242980957
-13.3742437362671
-4.40610122680664
-7.87785434722900
57.8058013916016
30.8305664062500
39.7186012268066
12.0077266693115
-0.742441773414612
23.8506584167480
-21.2610702514648
-21.5673904418945
-6.71121311187744
5.04406118392944
-7.88709306716919
4.57534599304199
51.9559745788574
-0.335676193237305
8.94919872283936
60.2667541503906
16.4574432373047
-14.1145925521851
-40.1948432922363
8.66853713989258
38.1824150085449
-43.7177238464356
39.0014190673828
65.1630401611328
-41.1346817016602
41.6620063781738
71.5950851440430
-13.2053079605103
-11.3554458618164
8.95094394683838
47.1553573608398
43.6420593261719
-44.8471183776856
-17.6247901916504
37.0303306579590
-31.6028881072998
-42.3185729980469
-6.86293220520020
-25.8726348876953
-47.2460632324219
-23.3542156219482
-9.43541717529297
-6.00687789916992
16.3075790405273
-15.1655244827271
11.2505683898926
-27.2157917022705
-47.5473480224609
67.8562698364258
-4.10039234161377
17.4565238952637
16.4301700592041
-11.9960632324219
43.3217887878418
-36.0435752868652
7.12529754638672
24.2705192565918
1.38529324531555
-26.6757373809814
18.2695503234863
32.7756042480469
-20.9415531158447
32.8861465454102
18.0996990203857
51.8171615600586
29.9613227844238
-3.14899539947510
28.7186126708984
46.5835342407227
59.7047271728516
7.94584369659424
10.6566848754883
26.9040985107422
-7.68598747253418
-3.13343334197998
34.7156410217285
-7.59805107116699
-52.0607872009277
-1.31379795074463
-13.8403997421265
-30.6142616271973
5.80897045135498
28.6812858581543
44.3685798645020
28.2476387023926
15.5535850524902
-23.3934097290039
13.0561876296997
-5.44197177886963
-40.3500900268555
34.5400238037109
25.1255912780762
42.9628562927246
36.4072265625000
41.3400611877441
15.8037862777710
27.3582458496094
21.3088722229004
-35.9282684326172
45.2480278015137
6.14863109588623
3.87193202972412
48.4440879821777
52.0700912475586
-23.7888450622559
-10.8061876296997
17.8070430755615
-31.2572593688965
63.5139579772949
6.00113677978516
8.19279575347900
-17.0633926391602
-30.6680450439453
8.90075302124023
-21.9092121124268
72.3594055175781
-31.6794509887695
-11.9666023254395
54.6225852966309
-35.6992683410645
68.0995025634766
38.6914215087891
-17.3773231506348
20.9377307891846
13.0766935348511
42.4122238159180
37.2946128845215
7.10736656188965
28.3834381103516
46.3808441162109
31.7327613830566
33.1244316101074
0.470155715942383
33.3285446166992
35.6963996887207
-43.5586166381836
-19.9510803222656
34.7965278625488
19.9488983154297
6.20257139205933
16.9955406188965
-54.5780982971191
-22.3693771362305
62.1028480529785
42.5089340209961
41.6775817871094
-16.7117309570313
-43.8416786193848
26.5547008514404
57.5726127624512
26.2590465545654
-28.8200378417969
-9.05296707153320
44.7137870788574
29.5549621582031
-10.7688016891480
64.6035919189453
57.5217475891113
-55.6335945129395
42.9253082275391
61.0864524841309
-36.5865974426270
-14.6722545623779
-11.2911672592163
27.1883354187012
34.7706527709961
-31.9438552856445
-19.8672103881836
13.1172943115234
-31.4697685241699
-25.2696266174316
59.7656898498535
-12.5694332122803
-8.44999217987061
66.1859207153320
31.5259475708008
23.8486728668213
31.5441474914551
22.7880210876465
-23.3305587768555
27.2971572875977
1.19695091247559
13.9097127914429
36.9720458984375
-28.9945621490479
74.0922927856445
23.5631027221680
-47.5035934448242
30.8609123229980
52.8498153686523
-4.34788227081299
16.2034473419189
65.7301101684570
-5.01202297210693
64.6790618896484
22.3827533721924
-9.45502662658691
34.3106193542481
-31.6029357910156
50.1644554138184
10.9813194274902
-42.1497268676758
17.3017883300781
39.6518020629883
-14.1285228729248
29.1294708251953
39.2219810485840
-20.2560081481934
51.0275650024414
23.8325767517090
43.3142547607422
0.945938110351563
0.334158897399902
36.4101638793945
-25.9261169433594
7.37350082397461
15.3280334472656
26.8394031524658
2.06720089912415
-4.93438911437988
53.2321281433106
36.7992820739746
-4.94238185882568
-10.5109291076660
-3.86231994628906
28.6058044433594
22.5595893859863
15.0062084197998
73.8214721679688
23.7991600036621
-37.8987236022949
-1.80961513519287
50.8403091430664
54.6796722412109
18.8200321197510
5.73053550720215
-28.3573379516602
22.3867626190186
10.9663143157959
-21.3053207397461
53.1498832702637
48.8269195556641
17.1416187286377
-30.3069648742676
9.79938697814941
32.1501998901367
-19.0693340301514
35.9025764465332
31.9630107879639
11.5577249526978
55.0954856872559
15.6216802597046
-37.5937881469727
66.3242874145508
40.8510589599609
-55.0621261596680
41.6453857421875
8.36541366577148
7.21025848388672
13.1894941329956
-13.8038539886475
20.9457931518555
-29.8119773864746
0.965394973754883
60.0906791687012
41.6968193054199
-45.5813827514648
-39.2937393188477
39.2932052612305
40.5671310424805
-27.2766723632813
-7.87427902221680
42.7057571411133
-33.1020736694336
19.7888889312744
61.6133575439453
-3.09898328781128
23.1202640533447
31.4587535858154
29.3579120635986
52.4384918212891
12.7444410324097
19.7824649810791
70.5420913696289
10.8150892257690
-18.1472854614258
80.9976043701172
11.5455818176270
-41.0251312255859
73.1584091186523
-17.9204502105713
-32.5499877929688
53.9478302001953
56.1257553100586
16.1006011962891
-42.4887275695801
-19.0340652465820
-3.81310749053955
44.8443222045898
-17.5660171508789
-46.9310455322266
56.6755065917969
7.21273994445801
-33.6664237976074
32.8121070861816
1.31271219253540
-23.6716346740723
32.3359756469727
24.6208839416504
24.4314537048340
-28.5077266693115
-14.5863704681396
39.2744369506836
6.03423023223877
30.5161838531494
46.1644859313965
18.4849090576172
-10.2193794250488
15.4570579528809
10.5383090972900
47.6055221557617
65.2716217041016
-0.501721143722534
56.0329589843750
31.0468215942383
11.0051536560059
-18.2828311920166
-8.49192428588867
56.6008224487305
-9.21953010559082
38.1721916198731
-17.8919792175293
-1.02942276000977
57.3262863159180
-23.3355140686035
18.4799098968506
41.7432823181152
65.9743728637695
-15.7642002105713
-26.6313591003418
18.2836380004883
-20.0623378753662
22.7709922790527
-24.0385570526123
-26.1953582763672
29.1610164642334
18.0138626098633
-30.4347705841064
-42.6262359619141
-6.68032503128052
26.0496196746826
10.1800584793091
-1.87908554077148
65.8922653198242
11.8514795303345
-5.24831867218018
-15.1884145736694
20.5966129302979
86.1697616577148
-13.1502408981323
-1.90467286109924
26.1957473754883
3.90901422500610
30.5399246215820
14.4003238677979
-21.6562843322754
45.8087692260742
23.0804634094238
-33.2539863586426
0.188369274139404
-49.2545890808106
-13.6275682449341
-20.3946113586426
-19.8077354431152
50.9559631347656
-4.52710151672363
2.34230422973633
6.94026565551758
21.4815101623535
-6.70179414749146
-45.4445037841797
15.2696743011475
24.1212596893311
30.1881675720215
-39.8489418029785
17.4604148864746
50.4113960266113
-46.5879135131836
23.1166057586670
16.6640052795410
32.5281105041504
7.24121761322022
-30.1323833465576
55.5096282958984
-52.2305908203125
-19.2895774841309
39.6221160888672
-48.6506118774414
-6.21966743469238
-5.45612287521362
18.5524215698242
46.9239158630371
47.2287330627441
-16.7975769042969
-19.5426483154297
13.2828178405762
-34.2447471618652
32.8526229858398
-32.1204185485840
-52.4587631225586
50.5438423156738
38.2669143676758
1.88702571392059
9.18726825714111
46.4113998413086
45.5508842468262
7.20235729217529
-24.0532112121582
-7.45231056213379
30.4932365417480
-0.655717849731445
-42.8994674682617
50.3731842041016
26.1057777404785
-16.5647125244141
2.44792032241821
-16.4860305786133
-6.69712257385254
-38.9765357971191
2.96779966354370
-30.5643997192383
-15.3869590759277
51.7222366333008
-8.99725627899170
20.7779579162598
30.6648883819580
-11.5363035202026
-4.74769496917725
1.38638186454773
-16.4214744567871
-15.1776065826416
7.36452674865723
-33.3624534606934
-18.6082324981689
46.2602920532227
32.0671882629395
3.74187898635864
-51.1060752868652
27.1112251281738
26.1696147918701
-48.3768386840820
70.8401870727539
12.7572250366211
-56.1009216308594
13.2632236480713
16.0480594635010
-24.4798927307129
-21.5860710144043
-0.147172972559929
-20.0039787292480
35.1945495605469
18.9594058990479
-31.2531185150147
-5.95339488983154
-18.6229095458984
-15.8752355575562
-15.3313627243042
-33.6773757934570
-23.7026233673096
-0.725506901741028
-12.6805047988892
-3.83871746063232
3.18414688110352
-17.8677864074707
-6.96294498443604
-26.1745052337647
-1.97877073287964
7.48171520233154
-24.6407852172852
-29.6041622161865
-28.6630287170410
42.7756614685059
-11.7230510711670
-50.2756729125977
54.3753166198731
23.0538902282715
0.546292603015900
20.6840648651123
-23.1433639526367
-16.8540325164795
4.43116617202759
-55.5456542968750
-18.7303409576416
45.2177734375000
23.8936462402344
22.1762542724609
-13.1381988525391
10.9704284667969
-4.24812507629395
-28.4117507934570
-1.64738011360168
9.28935241699219
-15.3270969390869
-53.0679779052734
-8.46103858947754
21.0989875793457
34.8205032348633
29.3411064147949
53.7045974731445
-0.601284027099609
-26.1759567260742
7.34361362457275
-27.2729377746582
12.5459461212158
50.6215972900391
11.0469188690186
3.17668151855469
67.7710876464844
-28.2801189422607
-18.6351013183594
57.3653106689453
4.16944456100464
19.7679061889648
-3.17526531219482
-25.2240371704102
-9.96599864959717
-4.61682653427124
-25.3996562957764
12.9120893478394
52.7655830383301
-35.7552413940430
-23.4017829895020
74.9176864624023
-3.66041159629822
-36.3776092529297
64.6930389404297
-25.7891464233398
-32.9870376586914
58.5977325439453
9.31540679931641
33.3580932617188
-10.3509435653687
-26.1798248291016
27.9516201019287
33.3335609436035
25.9460601806641
-4.44456386566162
37.4257011413574
15.3919963836670
12.9572362899780
24.4429073333740
45.2648162841797
54.2434997558594
-33.6831588745117
31.9579849243164
15.8310098648071
-48.7032966613770
-18.5900554656982
-14.0757694244385
-18.4043979644775
5.69306755065918
28.1530036926270
10.6950035095215
41.3404235839844
-14.8288974761963
27.8658542633057
15.6721658706665
1.11386537551880
30.5543460845947
-41.7824020385742
49.8755950927734
15.2897338867188
22.7489395141602
67.1681671142578
-3.18734550476074
-26.0937500000000
-28.4267616271973
18.7695007324219
30.5592994689941
25.9389877319336
-2.62192773818970
-23.9705371856689
28.8538303375244
36.2681236267090
45.3070907592773
41.1078033447266
-18.2958106994629
-17.3001365661621
1.34690999984741
73.0919647216797
0.700548171997070
-11.8935642242432
62.0394897460938
-48.4350242614746
-22.5004577636719
-13.8800334930420
-17.5464534759522
8.60585117340088
-40.2530441284180
-39.1971778869629
-2.25032401084900
-28.2204589843750
-31.3406028747559
18.3309936523438
-12.2267503738403
14.4292745590210
7.83662033081055
14.2722759246826
35.8429527282715
23.9721641540527
27.1046543121338
-34.7373542785645
6.33200931549072
-0.846389770507813
-31.1290893554688
11.9134063720703
-43.9829177856445
33.9466781616211
59.0805816650391
-42.5710830688477
56.7882614135742
6.99605894088745
-52.6499328613281
-6.42529916763306
-33.2865600585938
22.5884246826172
-26.1008415222168
31.3288135528564
67.5431900024414
-32.9579772949219
20.9146423339844
-19.0837249755859
-13.1874876022339
36.0604667663574
3.89232015609741
16.5418338775635
10.1575965881348
-18.7240772247314
-2.56517791748047
41.7700080871582
19.1533432006836
33.3564834594727
10.6850624084473
29.5654563903809
56.0363616943359
-34.0882606506348
-11.8102025985718
54.2170486450195
25.3838748931885
2.60648155212402
55.6782531738281
2.20367240905762
5.00955963134766
57.1772766113281
21.6674289703369
14.0980701446533
17.1497344970703
-2.18119907379150
-20.8548374176025
7.72727394104004
19.5491428375244
40.9993171691895
30.6033096313477
54.5774841308594
4.05429267883301
-47.4841270446777
70.8455963134766
-0.395256996154785
-31.9828987121582
75.1746749877930
28.9414787292480
-37.3396301269531
-8.59612464904785
16.2561588287354
-7.40290689468384
0.330922603607178
-5.94658899307251
49.3432006835938
26.5889511108398
14.0818138122559
24.6641139984131
-33.3654022216797
52.8707351684570
-32.2836875915527
-2.62553787231445
68.0977325439453
-37.0496978759766
4.08697605133057
25.3297386169434
33.5510635375977
-23.2238559722900
31.7904396057129
37.0366783142090
-54.1800231933594
19.6985530853272
-18.6349182128906
18.1512107849121
37.6811981201172
25.7944030761719
79.2059020996094
10.2888078689575
-35.1920013427734
9.55484580993652
22.3627071380615
-49.2335777282715
11.2424716949463
35.4597587585449
-39.2989921569824
-39.9218215942383
0.276444435119629
-6.36681175231934
1.11293554306030
28.4259910583496
4.36021375656128
11.3034706115723
4.25990676879883
56.3382225036621
33.3688163757324
30.2258892059326
67.5444412231445
21.3497638702393
66.4284057617188
30.0841636657715
14.8519554138184
54.2428588867188
-19.7489891052246
41.7007675170898
64.7037963867188
-43.7968406677246
-13.6975927352905
20.2667331695557
1.89842820167542
10.8582363128662
55.7421493530273
30.0005397796631
-4.30161142349243
16.5992202758789
21.2838420867920
9.73086261749268
-35.1211433410645
26.4294242858887
12.1077966690063
-45.9546356201172
62.5536880493164
21.9944629669189
-37.7038078308106
53.1483535766602
54.0821075439453
27.6364974975586
31.7636680603027
-4.90464067459106
48.7117805480957
75.0743560791016
-8.92318344116211
-23.6848602294922
-16.4531650543213
-4.09195613861084
4.58173751831055
-18.5046653747559
-29.1808242797852
-7.96646976470947
-39.5808715820313
-50.7249374389648
55.6254348754883
7.71734619140625
-45.5355682373047
21.7131881713867
-26.6586093902588
-12.6229152679443
32.8874969482422
9.01266574859619
16.2936859130859
31.8458557128906
-2.30802822113037
0.411577224731445
50.4035339355469
-4.79551410675049
14.2802696228027
-8.75318050384522
-24.3100357055664
23.1866569519043
-19.3623828887939
5.30543470382690
-21.2280769348145
14.1183052062988
30.6622009277344
-32.0308570861816
-17.1967029571533
16.6652107238770
3.30759453773499
5.04598522186279
46.3922691345215
41.6232910156250
-5.94453811645508
-14.9437942504883
70.8914108276367
-2.01689815521240
19.0873146057129
44.6432189941406
1.85746026039124
44.8346557617188
-7.74031591415405
8.00251007080078
-17.0011749267578
45.7470016479492
18.1699943542480
-49.8506927490234
48.1676101684570
-4.32596063613892
-9.99264717102051
25.3679618835449
45.8425521850586
38.1036376953125
-26.9417705535889
21.7685127258301
42.2427177429199
7.61120605468750
-12.0280265808105
-23.5258846282959
51.7395553588867
7.80849933624268
-63.7626190185547
10.3294181823730
58.3918457031250
25.1054611206055
25.4344062805176
9.02758407592773
-28.2348251342773
36.1854476928711
-11.2411327362061
-11.0873517990112
3.79045414924622
-58.7148590087891
-9.74457359313965
41.0963439941406
31.0087089538574
22.2482261657715
38.7229347229004
-41.6526870727539
13.9349040985107
87.5686264038086
-13.0035743713379
-37.9259262084961
-4.51761150360107
28.7606315612793
-1.03780937194824
4.39062356948853
27.9642925262451
-7.42965793609619
-42.4561691284180
-37.5470123291016
14.8328456878662
27.1574230194092
58.4166297912598
6.81324958801270
-35.7194938659668
-4.94510746002197
8.37878227233887
10.5689020156860
1.77981567382813
56.8362998962402
31.1736488342285
1.69834995269775
-9.65771198272705
45.1486892700195
18.0619087219238
-9.14599514007568
38.8277397155762
-33.3987541198731
46.2666587829590
10.3468055725098
-24.4842758178711
-7.03304052352905
-27.6405639648438
59.2075538635254
9.66270828247070
8.41573429107666
32.9329681396484
-20.2796230316162
-8.59207630157471
16.7150249481201
-17.7643394470215
14.5834541320801
15.5557289123535
-50.1222877502441
33.7571945190430
-14.7503356933594
-20.5584812164307
48.0376205444336
-69.4186477661133
-12.5933303833008
36.9961891174316
-40.8620185852051
-17.2890319824219
5.69771718978882
7.64312458038330
20.8052959442139
-16.1873321533203
-46.7680130004883
-2.85185194015503
-0.287467002868652
-49.5932693481445
37.8511657714844
50.0761413574219
-42.9755630493164
37.2279205322266
40.5360450744629
31.6060543060303
0.690052151679993
-31.6560306549072
40.2885322570801
-5.89106845855713
61.9901275634766
27.2354316711426
-52.5833969116211
25.3413276672363
33.0794448852539
-3.33574867248535
-60.2980003356934
45.6904716491699
-8.18734169006348
-45.3692703247070
24.6035861968994
-4.11535835266113
26.9633426666260
-6.94771718978882
29.7327251434326
-20.3607826232910
-34.0204048156738
-24.7895545959473
24.7954635620117
25.3107166290283
-15.0416927337646
49.9768333435059
-24.8520431518555
45.3653450012207
31.4080142974854
-11.0930671691895
-12.9896821975708
-33.0046463012695
-25.8098106384277
-12.5423269271851
26.8992843627930
-5.28325748443604
24.3127803802490
-40.7610359191895
30.6033058166504
67.8188323974609
-18.5189609527588
24.2703533172607
24.7042160034180
69.7315979003906
-1.54086220264435
0.618056297302246
69.6073989868164
-13.9974040985107
-46.7248115539551
-20.8334693908691
31.0025215148926
5.44929742813110
18.7653656005859
-3.13350915908813
-0.493840456008911
21.5780429840088
-80.5932540893555
30.9709777832031
46.4099426269531
-55.2379608154297
-18.4400386810303
9.07194995880127
18.4047031402588
-29.9318904876709
41.2634582519531
56.4320526123047
9.63980007171631
47.2216873168945
-41.0865135192871
38.3216934204102
42.8494796752930
-46.6066741943359
21.1683216094971
-14.4143295288086
3.98850679397583
-30.9220619201660
-8.90182685852051
13.2465381622314
-40.1495437622070
-36.3274574279785
-27.4342365264893
21.6757411956787
-37.4373245239258
-21.6174259185791
40.5154838562012
47.2633895874023
-24.9780521392822
4.29905080795288
78.1188659667969
5.70079612731934
-0.958901166915894
-20.3408699035645
-2.48872375488281
61.9094848632813
33.6872825622559
-41.2444610595703
13.9849815368652
27.7686920166016
-43.7292098999023
-17.9847431182861
35.2062072753906
34.1907272338867
0.221837997436523
-37.9098625183106
-2.29625320434570
66.4623489379883
-3.47371578216553
15.5777359008789
8.36769294738770
-25.3158454895020
-14.5031232833862
-30.7545471191406
61.9339942932129
19.4716014862061
-15.1773977279663
18.7316036224365
25.6319065093994
54.7086105346680
7.22586774826050
41.5717849731445
-0.304626464843750
-36.3575935363770
48.6325263977051
-15.6988029479980
-3.90502023696899
-1.37946987152100
-44.3522186279297
-0.781435012817383
14.2412824630737
49.1281738281250
9.76078128814697
27.8695621490479
60.7381401062012
27.7434234619141
57.5561828613281
51.3081054687500
-27.0602321624756
5.44427490234375
56.6080627441406
-17.1700763702393
17.3630943298340
-20.1678791046143
3.43199443817139
58.7232666015625
-0.422620773315430
-8.11802577972412
-15.9734268188477
35.7057609558106
-2.98367714881897
45.7764511108398
58.0419845581055
-2.88008093833923
42.0850906372070
0.355934143066406
41.4098014831543
17.7628688812256
1.21930193901062
56.3015098571777
-24.7256622314453
-33.3846511840820
-1.95895767211914
35.2094612121582
-28.7553901672363
-58.8458480834961
37.9885559082031
-36.9105987548828
-11.7490310668945
64.4479675292969
-6.44939613342285
29.7832508087158
17.8039989471436
-13.8872299194336
-9.86024188995361
-6.61847686767578
60.2302703857422
-29.5553398132324
16.3149719238281
29.2250976562500
-41.7377204895020
11.1220722198486
-32.3993148803711
3.83432960510254
37.8171653747559
23.6717262268066
-3.25968313217163
-1.09217095375061
-14.8662242889404
37.0436477661133
16.2839164733887
-52.3217926025391
3.67032861709595
-34.4770812988281
26.8614158630371
-19.4771003723145
-17.4228515625000
62.7128334045410
-36.8764762878418
4.81894207000732
33.4944648742676
22.4240818023682
33.3035354614258
-23.1148853302002
16.0271625518799
63.3911819458008
-12.1901187896729
4.30377435684204
-3.99570655822754
-24.4766693115234
71.4342803955078
-10.2141523361206
-17.6080303192139
45.5040054321289
-16.8371124267578
2.65961003303528
-2.40878868103027
-23.1071853637695
-24.2242469787598
-26.4033298492432
-37.0796852111816
-24.4415321350098
-30.3564224243164
-10.9388275146484
22.4109745025635
-17.4205017089844
-30.5747795104980
-14.6049728393555
41.8439140319824
28.7075920104980
15.6586685180664
17.7692222595215
-5.84992170333862
19.8527011871338
70.3461990356445
11.4481048583984
7.35960006713867
59.6343498229981
-32.9231758117676
1.96264314651489
-10.5539951324463
19.2147960662842
52.6712341308594
-31.1561698913574
30.7315101623535
28.9917984008789
-27.7222137451172
-15.3543720245361
-2.59024763107300
15.5117444992065
36.6561164855957
-23.0408020019531
-15.3042030334473
18.4654884338379
-11.8202037811279
-18.6175613403320
11.9164390563965
36.7703552246094
-39.2562789916992
-16.1156997680664
18.0891952514648
-6.37044286727905
34.2895545959473
-25.9956722259522
-38.3318862915039
10.4354028701782
-16.7227344512939
21.6828460693359
4.72433519363403
-19.5941829681397
17.2572555541992
15.3442726135254
39.3425827026367
23.6688060760498
-1.57534456253052
20.0668506622314
29.2030735015869
-23.6982727050781
8.03443908691406
76.8154144287109
-14.8183917999268
-15.0137882232666
34.1151466369629
-20.3625240325928
0.727823257446289
41.7454223632813
6.85002231597900
7.19063091278076
64.1547393798828
-8.46708774566650
-30.7005805969238
51.6186485290527
25.9331398010254
-8.86004447937012
10.6717977523804
49.7279090881348
38.9490470886231
50.3447570800781
40.6351928710938
54.2870025634766
31.2979011535645
-21.8994865417480
2.99286961555481
4.02708625793457
59.9816741943359
20.2181282043457
11.3234128952026
16.1997947692871
-27.2997779846191
20.3146896362305
-13.7719440460205
31.1599693298340
12.7558593750000
-18.8929443359375
72.6979446411133
45.1897506713867
-4.55756092071533
-25.7431926727295
35.5328788757324
28.3443946838379
31.4970016479492
58.3020248413086
23.1401996612549
55.5818176269531
31.2763462066650
-17.2270812988281
-13.5546712875366
49.1476364135742
0.692180633544922
-44.2394409179688
33.9599914550781
39.8068466186523
-2.38597488403320
-6.22223615646362
7.76016998291016
-34.2525100708008
2.79831123352051
40.0559425354004
-36.2713928222656
-38.0996818542481
53.7876205444336
15.9202384948730
-55.0909500122070
19.7736282348633
-11.2428150177002
18.2387886047363
18.1292457580566
-14.9536285400391
3.19338417053223
-29.5601406097412
61.4797210693359
20.8217105865479
26.1851310729980
33.3527069091797
22.5582427978516
7.04780626296997
-27.0471725463867
6.66812658309937
-27.1397323608398
45.7833213806152
35.2485733032227
-7.26186895370483
-26.7099571228027
0.841989040374756
-28.8180084228516
2.78751277923584
45.1221427917481
-39.2883987426758
68.4976577758789
13.7305059432983
19.7522563934326
66.7203521728516
11.2675104141235
61.2636566162109
10.4262981414795
46.8433723449707
72.7856140136719
32.5776367187500
45.8539733886719
27.9451160430908
-12.3722991943359
-14.8922414779663
-1.76400375366211
-38.9745597839356
25.5799179077148
-10.7901830673218
-66.7759017944336
11.7229251861572
-7.85123777389526
-6.31813621520996
-13.5871477127075
53.7774810791016
37.9375801086426
-55.8284606933594
36.5530815124512
25.1457309722900
16.8916587829590
33.8755989074707
45.9927825927734
43.6567115783691
14.9177551269531
36.6127777099609
22.8944816589355
63.3382339477539
28.9677143096924
-13.8157501220703
22.2588119506836
23.1464500427246
-31.8826789855957
-4.71266889572144
68.3008270263672
-21.7160415649414
-27.4331665039063
14.4456996917725
-18.2478542327881
29.1728477478027
30.4563808441162
-40.0121154785156
-2.97217559814453
30.3354034423828
-2.84114813804626
16.3014450073242
-14.1724319458008
-22.4790210723877
40.8332748413086
38.1168441772461
38.3483505249023
-12.7562246322632
-42.1885986328125
20.2439842224121
50.9906196594238
25.3993530273438
1.91967082023621
28.7111263275147
23.4803199768066
23.3179264068604
44.6000366210938
59.3462448120117
17.2899703979492
26.7773475646973
58.4159431457520
-17.4411449432373
15.0270442962646
56.1450080871582
21.0994014739990
-69.0478591918945
5.09762191772461
49.7148818969727
-45.5886192321777
52.9135780334473
0.689210891723633
18.5724525451660
49.3952255249023
16.1863670349121
69.1786193847656
19.0524139404297
-32.0758972167969
11.8023500442505
46.4488945007324
-43.0999832153320
45.3818168640137
53.5440559387207
-12.6852951049805
24.5012454986572
68.6518478393555
0.644798278808594
-25.0244140625000
22.4110221862793
-26.9663047790527
56.0622253417969
-41.1066246032715
-23.9470233917236
47.3654594421387
-49.7178878784180
-1.00500345230103
13.2826862335205
19.1692123413086
10.9308719635010
-25.3946495056152
20.2099933624268
6.20047903060913
-6.55436134338379
44.6374893188477
41.6889419555664
53.4432525634766
21.9106044769287
21.5735778808594
-40.0394020080566
18.3276710510254
53.8893318176270
-45.7857284545898
27.6492729187012
8.48558425903320
39.7182159423828
-12.6577987670898
-10.3083076477051
22.7048244476318
-35.9195175170898
-3.27864050865173
-30.2665672302246
83.0504837036133
21.7724895477295
-39.9030761718750
42.8919563293457
-10.8230066299438
-8.78018188476563
-31.7466354370117
-6.99928045272827
-0.885927975177765
-6.03365993499756
55.7798538208008
-2.34716129302979
55.1088829040527
46.9629821777344
-31.1108551025391
59.2943267822266
28.4881763458252
-3.02081847190857
-26.0490798950195
2.12201642990112
52.2857971191406
36.3789215087891
33.3697433471680
-44.2136230468750
-6.05707740783691
34.2023963928223
-7.06046581268311
-20.9901542663574
-28.3446979522705
-27.0320968627930
-14.1907615661621
54.6773490905762
2.02973747253418
-34.5364837646484
46.6716117858887
-9.33547019958496
20.4435863494873
61.4626083374023
-33.4396400451660
18.3552131652832
71.9138641357422
12.6671762466431
-10.2213068008423
19.2592582702637
61.5161514282227
8.82384872436523
27.3938426971436
71.7567520141602
-9.19920158386231
-12.6296634674072
-22.1214065551758
4.47017383575439
-4.26424884796143
-13.4012422561646
11.7948246002197
29.7340183258057
19.6815605163574
-37.7666778564453
25.9716949462891
13.8955497741699
43.7578544616699
-12.0044956207275
-22.8140144348145
48.6261444091797
-44.0215263366699
34.6378326416016
50.1198539733887
18.4802589416504
19.3201770782471
0.846575736999512
55.6900482177734
54.4950752258301
22.8816528320313
-28.1156120300293
-9.59991455078125
-10.1330461502075
-30.8498363494873
-5.41248035430908
50.6132202148438
35.7113037109375
-40.4300880432129
53.5596389770508
7.05552673339844
-32.1788558959961
66.7733764648438
17.9806594848633
-43.4667320251465
48.5349769592285
42.9493103027344
6.20294475555420
46.5019302368164
-0.829537868499756
38.2542228698731
-7.98878574371338
18.2786102294922
71.7698211669922
44.5506515502930
-4.58509397506714
-8.83385753631592
66.8678665161133
-49.5752182006836
-9.23431205749512
36.6374511718750
1.15344250202179
24.6801853179932
-12.7608985900879
2.28001785278320
28.6821079254150
-9.05294418334961
-34.0633201599121
10.3175277709961
-32.6496810913086
9.25427436828613
55.3108520507813
9.35226058959961
47.3418083190918
-15.4344911575317
-24.8237247467041
23.9195384979248
-7.15045499801636
-34.4795303344727
-12.7085247039795
56.3139038085938
-44.2798461914063
-42.3729553222656
76.9597244262695
-9.82863330841065
-22.3456954956055
5.47433710098267
29.0903663635254
12.7211675643921
-50.0141944885254
79.1575851440430
35.5149154663086
-50.8646888732910
-3.30526208877563
-34.4558715820313
22.5854110717773
13.4499893188477
-23.6846065521240
-17.7831268310547
8.73077487945557
-17.2969474792480
-9.25282478332520
47.8911895751953
-12.3159656524658
26.8992938995361
-35.7556381225586
19.0310401916504
105.896560668945
-40.1868286132813
0.945231676101685
37.0206527709961
-46.0569686889648
-24.3391265869141
-1.35437965393066
-45.8345489501953
0.368103027343750
7.02522945404053
-10.6959314346313
42.5059852600098
29.9226646423340
-5.14660549163818
10.0487642288208
-2.75015068054199
-14.3655624389648
-14.2676973342896
-32.7381744384766
0.150342941284180
-21.8170585632324
1.79507160186768
41.0706214904785
-7.87374973297119
32.3147277832031
48.8723258972168
-22.4768371582031
1.27923190593719
-12.7565336227417
-7.28539562225342
21.5433235168457
-42.1318359375000
24.0743274688721
-0.460560798645020
-0.278153121471405
13.0703086853027
-50.8268165588379
-28.5561141967773
-2.97192955017090
55.4211959838867
-0.594694137573242
-29.8394985198975
0.496955394744873
-17.5999488830566
-6.57389974594116
42.7944068908691
10.4623441696167
-4.77598190307617
40.7691726684570
17.0451965332031
-12.7659645080566
-11.2323875427246
-1.03576660156250
-20.2248649597168
25.4409236907959
-7.12281799316406
-28.9704303741455
-33.1237831115723
-28.1496257781982
-19.4153022766113
-18.4993553161621
22.9674568176270
-23.5145034790039
12.5213327407837
-17.5708160400391
12.2254533767700
64.8755111694336
14.3150405883789
-28.4845142364502
-5.37509346008301
24.9301643371582
-49.5097236633301
-19.9378395080566
16.7554397583008
40.7440681457520
30.7014255523682
-1.40002989768982
-24.9906139373779
35.2058486938477
32.3171768188477
19.2514858245850
24.2777214050293
-16.8772506713867
58.2688446044922
-39.7098617553711
-36.9349975585938
26.0281925201416
14.3613891601563
26.5664005279541
6.85600423812866
75.1172103881836
18.6628837585449
-29.0750465393066
52.2532119750977
4.78822898864746
-41.0526885986328
62.7949028015137
6.95290374755859
-55.8194198608398
63.6542053222656
20.6185703277588
-40.7382202148438
17.9261608123779
37.3762359619141
-31.0098915100098
-7.80078697204590
60.8299064636231
-50.7339401245117
-19.7598190307617
60.1945304870606
5.40464115142822
-23.6865329742432
-46.5360794067383
21.6099147796631
34.5188522338867
-80.2071075439453
-12.6697120666504
23.3256835937500
-16.2929782867432
37.8974266052246
-13.9593486785889
11.7151527404785
18.4897537231445
14.9327697753906
39.7380981445313
39.4562072753906
47.8620758056641
-30.3134918212891
52.5174293518066
68.6185760498047
5.93795108795166
6.72099494934082
-9.77739524841309
5.81586742401123
1.25982928276062
47.3278617858887
20.5475311279297
8.39594650268555
41.2594261169434
-28.7256469726563
-0.484106063842773
67.9315795898438
46.9772644042969
13.3700141906738
-11.0997610092163
45.0328483581543
45.3236236572266
-19.6615409851074
19.2624435424805
-21.5308361053467
-27.0647640228272
44.2427749633789
29.9945106506348
-6.71984720230103
-13.0113029479980
50.6760482788086
-14.4201393127441
-21.3179988861084
94.0110778808594
25.7299995422363
-34.6054763793945
10.9143562316895
48.3695793151856
11.4631729125977
19.5237445831299
66.2199096679688
42.7203216552734
18.9000358581543
9.88801574707031
-16.7594108581543
-30.8884353637695
-4.82127237319946
21.5803356170654
34.5570602416992
-16.4844093322754
25.1186752319336
28.7982444763184
-46.2933654785156
-11.0273828506470
16.8672389984131
69.2411041259766
16.8705863952637
-28.3001518249512
39.9064636230469
-14.5651187896729
32.7878189086914
78.5433731079102
-7.01758337020874
32.0186500549316
14.2662696838379
19.4002113342285
24.6864490509033
-10.1221160888672
37.4634017944336
-28.3587341308594
-17.8923835754395
47.9288597106934
50.5939750671387
-10.2917938232422
-50.3397827148438
23.0299339294434
-11.0341606140137
-6.42543601989746
-14.7803716659546
-30.8292312622070
-18.5580348968506
-11.9209899902344
54.0662918090820
-17.9045925140381
31.3498668670654
29.4579524993897
-34.2540740966797
30.8525180816650
38.3627586364746
26.1262340545654
-46.8425559997559
7.27324676513672
-7.87022781372070
-46.4817428588867
21.7510108947754
5.05584621429443
22.7526359558105
-15.9897356033325
-27.4451637268066
-7.08769273757935
-8.13629817962647
28.4665298461914
6.34650754928589
-13.5552291870117
-1.86115074157715
32.0075378417969
25.4893951416016
38.6110992431641
54.0615539550781
-2.62074899673462
34.5171012878418
64.4903182983398
14.5729169845581
-30.7266578674316
45.2270393371582
49.4423751831055
-52.1583442687988
46.3755645751953
32.7635459899902
-29.3623523712158
38.3968620300293
15.7256803512573
41.2883300781250
45.0670700073242
40.0583305358887
-6.74204063415527
-37.6845588684082
68.9996566772461
45.8479270935059
39.4246215820313
-9.30648994445801
-9.78648281097412
55.7946891784668
50.0391731262207
44.0077667236328
16.2087211608887
33.9754295349121
-31.9273338317871
28.0991859436035
48.1192092895508
10.2487173080444
44.0909347534180
-50.2277221679688
2.48292064666748
32.0647163391113
-44.3728332519531
44.2273750305176
21.8937683105469
-61.8193740844727
52.3279228210449
32.3003120422363
17.6693592071533
41.1740913391113
-32.9253921508789
21.0964660644531
46.1145858764648
20.9937992095947
-8.76617431640625
-15.5579900741577
32.7715721130371
54.9272232055664
-13.7782535552979
14.1527748107910
61.4876861572266
-29.2220840454102
20.3376235961914
73.2441101074219
45.1143722534180
29.2654705047607
-21.0053062438965
-3.28730773925781
56.7718734741211
24.5293998718262
27.6347198486328
65.8504180908203
33.1746826171875
-8.06091117858887
-15.8508882522583
72.7110443115234
47.1760559082031
-41.6551551818848
59.3257369995117
17.9152183532715
-42.5359153747559
57.2181358337402
21.8675880432129
2.74190211296082
11.9237728118896
7.65637397766113
11.7708826065063
-34.9825744628906
5.28929996490479
25.2644882202148
-32.8611297607422
-26.1347122192383
-1.28715825080872
-17.5706996917725
-23.3918571472168
31.5490646362305
32.8340530395508
14.0730266571045
33.9126548767090
-32.2886466979981
-26.4556198120117
18.0079574584961
35.0637130737305
48.0826263427734
-29.8800621032715
3.02445411682129
48.3135108947754
26.9076976776123
51.0194168090820
-15.6145000457764
-8.76966190338135
29.4238166809082
-20.3957462310791
18.2899856567383
5.12388992309570
-38.1639289855957
-25.8721275329590
-17.5419960021973
-23.8491878509522
-36.3819961547852
-23.4447174072266
-20.1872997283936
-36.8836288452148
17.0025253295898
59.6352539062500
-32.3902893066406
7.29472923278809
55.1413192749023
18.4795799255371
16.7593860626221
35.0133323669434
59.7378349304199
18.6896877288818
37.6160850524902
10.6088981628418
-10.3063659667969
-6.91622543334961
40.9050788879395
18.1104335784912
-61.7187385559082
-6.51832485198975
-15.4386739730835
40.6570243835449
21.5727825164795
-3.25037860870361
48.9753150939941
-2.44684982299805
2.53355240821838
51.8402519226074
26.6810550689697
-39.0172080993652
0.141798019409180
71.6700592041016
31.5108642578125
-25.0025863647461
24.9715538024902
8.49619388580322
-3.48845100402832
28.3754501342773
23.5426998138428
56.4216346740723
10.3287267684937
5.13723230361939
42.1328964233398
26.0386276245117
30.7331542968750
-3.76210308074951
-20.4648780822754
7.82893276214600
32.4918937683106
25.4602203369141
10.0043907165527
57.9816284179688
14.1611938476563
-45.2823333740234
49.3143348693848
60.9888992309570
-38.9298515319824
42.8019828796387
24.1539554595947
-50.2818031311035
77.2063064575195
-1.16053962707520
-20.3677310943604
84.1825561523438
28.7848205566406
-42.6825180053711
29.3012886047363
78.4426956176758
-49.8238983154297
26.9994812011719
60.4473495483398
-32.2403144836426
-48.1820030212402
8.63057518005371
51.7020187377930
-39.8904647827148
26.7689399719238
39.2513122558594
-6.63908052444458
15.0337772369385
41.5158958435059
33.6276435852051
-47.6322517395020
2.00016307830811
40.8188018798828
12.3728122711182
8.64328193664551
26.4216194152832
-3.83852481842041
14.9708318710327
21.1217288970947
-1.44483470916748
68.7785644531250
-23.0277976989746
-10.0786933898926
72.3174209594727
15.4189119338989
7.61523723602295
17.5768375396729
60.3317260742188
-11.6199579238892
-15.1872224807739
61.2580261230469
-17.3785171508789
-65.0447311401367
17.2135486602783
37.0745544433594
-6.41529130935669
33.4023208618164
-11.8439025878906
-9.31479072570801
31.6794586181641
33.2043800354004
54.9507904052734
38.7577705383301
53.6991386413574
49.5100097656250
23.8800926208496
46.9535064697266
40.7361221313477
-37.8429908752441
23.8434467315674
67.1729049682617
-30.3034133911133
9.17603015899658
20.9930896759033
-37.8769721984863
-15.3055610656738
-2.89224267005920
-17.8194465637207
-12.4648628234863
14.4735584259033
39.8635482788086
-9.37529468536377
-42.9972114562988
39.3112335205078
-4.95822334289551
-19.3212299346924
19.3667201995850
-29.6071987152100
13.9575309753418
65.0019378662109
25.8061180114746
-36.6975631713867
14.7824888229370
-6.08479547500610
-23.2334232330322
1.77902531623840
-58.1380271911621
2.15533924102783
15.3631706237793
-16.9805412292480
20.3671016693115
17.5564823150635
24.1621761322022
0.170104026794434
-22.3644981384277
3.59510350227356
-42.0409851074219
6.58788108825684
70.8509902954102
13.9111680984497
-15.4408950805664
19.1576576232910
14.6972579956055
-35.4395751953125
5.11794185638428
49.5444412231445
51.3456268310547
-14.2538862228394
-33.1614036560059
16.9994144439697
40.4960861206055
-17.0445613861084
-21.5320472717285
33.8034286499023
4.48071002960205
26.8492393493652
-27.7567901611328
-5.89787578582764
24.4921875000000
13.2831382751465
13.0737562179565
-6.18291282653809
65.7141876220703
-0.152230262756348
19.3717193603516
29.0989704132080
1.38684511184692
-1.55935311317444
-20.4429798126221
78.9515380859375
-5.57095670700073
8.74248218536377
47.5300407409668
-27.6762008666992
28.8817462921143
53.4923782348633
52.3045043945313
-10.5252552032471
15.7555923461914
20.8863296508789
-57.4077033996582
33.8726196289063
77.3630828857422
25.5315818786621
-7.27851867675781
-13.7040758132935
-15.0887966156006
11.7699928283691
39.7993049621582
24.3077125549316
12.2301788330078
12.6354875564575
13.1522274017334
-25.2345485687256
7.05638599395752
40.9994125366211
-8.02537918090820
16.7209701538086
59.4380264282227
-6.57443428039551
-20.6190872192383
50.4820518493652
-4.38051652908325
-42.3616676330566
32.8771934509277
65.4839630126953
14.3479957580566
-47.9348640441895
-2.14776420593262
9.69304180145264
20.6416683197022
55.6135978698731
7.35804653167725
34.1065444946289
-14.1147937774658
-26.1641635894775
8.46293449401856
-2.00508975982666
66.3650817871094
-19.3494148254395
-29.3480148315430
25.0172672271729
-14.3212060928345
45.7885742187500
-0.423778295516968
-51.1330261230469
45.0714569091797
26.6029891967773
-49.5553894042969
-13.9840545654297
61.1558837890625
4.95441246032715
-61.4596061706543
28.2769508361816
19.2136116027832
-20.6130008697510
40.4581794738770
-4.79346561431885
-44.4240303039551
13.5438432693481
-43.2840080261231
-30.2341899871826
34.6547012329102
-22.1940364837647
27.4854946136475
21.6517276763916
34.2438163757324
23.4457111358643
-52.4544982910156
55.6914024353027
8.35461997985840
-21.9833946228027
68.6715316772461
18.5308952331543
-29.6981391906738
-31.3459300994873
16.9051170349121
48.4705467224121
7.20845937728882
-33.1732559204102
37.7505798339844
24.8458900451660
-36.7452735900879
39.9944305419922
53.2634773254395
14.4067192077637
-38.0562324523926
11.4047908782959
77.4181976318359
29.6557903289795
40.0741233825684
23.9106025695801
-45.4018783569336
-11.2285804748535
74.7284851074219
0.221050262451172
-16.4997920989990
45.1744232177734
-26.6651744842529
-31.6537456512451
27.5796642303467
64.5336074829102
24.9305267333984
-1.15677618980408
30.0219993591309
49.2495651245117
50.3987121582031
33.2379455566406
7.81756210327148
3.83164262771606
31.2497367858887
-29.1282596588135
35.7141990661621
10.6351976394653
-14.0426025390625
34.0269165039063
-42.1755409240723
41.1573028564453
-17.0575771331787
26.5609951019287
82.8825149536133
0.652007102966309
48.6309127807617
4.80419874191284
-8.91874122619629
11.7633228302002
60.5438461303711
-16.8874111175537
-44.6315460205078
11.0830421447754
-35.1148529052734
31.9214763641357
24.3610877990723
19.0943698883057
22.4307994842529
-29.2303562164307
-22.3531894683838
47.2688636779785
43.9452285766602
-54.5573959350586
-8.81878280639648
41.9035110473633
59.9008522033691
4.95431661605835
-11.6536979675293
3.09588789939880
-14.0663566589355
37.7102661132813
1.35333383083344
58.2876510620117
18.3083477020264
-45.0411415100098
29.7648773193359
-18.8330688476563
15.8916282653809
71.1717147827148
7.37884330749512
-20.4628906250000
-9.66208267211914
12.0584163665771
25.6461334228516
-38.6237945556641
-24.4010524749756
21.1523189544678
22.6813449859619
52.4139175415039
-5.74378824234009
3.26478719711304
-4.75128936767578
-27.6056060791016
52.4767379760742
-28.2415256500244
-22.8881092071533
51.8085746765137
-13.4263353347778
8.53488826751709
33.0520782470703
3.06646203994751
-24.3007335662842
-16.4593486785889
1.26418590545654
19.4582214355469
45.3047409057617
13.0818309783936
37.6688385009766
36.6550445556641
-30.5267829895020
-12.0838499069214
38.6985893249512
49.0695114135742
12.7395563125610
-14.4417009353638
10.1138687133789
35.6706466674805
25.6415214538574
7.42472648620606
19.0084228515625
1.69448757171631
-42.3084297180176
-2.08109140396118
59.9233665466309
8.42197990417481
-45.0475311279297
55.6408386230469
17.8229293823242
-46.5655441284180
53.8714256286621
-0.976986885070801
8.34908390045166
30.3759574890137
-16.0037040710449
22.0786075592041
-12.2300148010254
-26.3434276580811
-1.48890972137451
-29.9833602905273
-45.0599937438965
-33.9010200500488
-43.5348510742188
-16.6432018280029
-4.45583391189575
26.2208938598633
-7.71140146255493
-22.3306598663330
67.1233673095703
6.09433126449585
20.1948814392090
61.8855514526367
-11.0618438720703
33.3856735229492
86.2333374023438
-0.635427713394165
26.4902324676514
63.8542022705078
-21.0483379364014
-19.1381378173828
23.7398757934570
12.2857112884521
-44.8813056945801
10.3848514556885
12.9424667358398
-19.8168544769287
22.0523014068604
-30.0398674011230
6.46334648132324
14.7378749847412
-28.1031894683838
27.9331817626953
13.1757907867432
10.8825397491455
54.0735130310059
51.0799751281738
37.3968505859375
0.152779102325439
-49.8903160095215
23.9890537261963
41.3220481872559
-50.5641326904297
-25.8819961547852
12.7216205596924
3.19867897033691
40.7847099304199
23.0983467102051
-42.9635238647461
39.2601776123047
43.7008590698242
37.1797943115234
3.54935836791992
-15.6241455078125
32.2249145507813
-31.8810081481934
32.3878021240234
18.3848114013672
-42.9137840270996
-34.2431068420410
25.4051456451416
1.46456146240234
-27.8098621368408
34.8164978027344
4.98534345626831
-2.44018363952637
-34.7501831054688
-5.29145908355713
-17.7208538055420
15.2479705810547
16.5918693542480
-34.5199508666992
10.9622697830200
-31.0741195678711
28.5338821411133
47.9233665466309
17.4692440032959
16.2559967041016
39.5132369995117
54.3297920227051
-20.5548133850098
-10.1875286102295
-5.15945291519165
9.03198432922363
-31.2919483184814
0.346690177917480
31.1204624176025
-54.5244140625000
-9.90725898742676
-6.07193422317505
-46.9388542175293
-23.6682701110840
52.3636703491211
15.9467735290527
46.8059654235840
9.95975494384766
-10.9917907714844
23.7634906768799
-32.0516357421875
44.2318420410156
-14.8293657302856
27.6660594940186
-14.9078693389893
-5.67111492156982
36.9890899658203
-26.8123016357422
58.5300979614258
20.2908096313477
-4.41240596771240
-39.7122421264648
9.14689445495606
34.6738853454590
6.77376222610474
43.6387100219727
45.8168067932129
-21.5880565643311
-2.22818565368652
93.9407196044922
-0.709787368774414
0.956016540527344
70.4733505249023
48.9202232360840
23.9490013122559
3.75194549560547
-17.3317775726318
15.2338428497314
27.7078037261963
-7.94839334487915
37.1385078430176
39.3405685424805
9.73926258087158
-34.5735282897949
4.41127777099609
39.5509643554688
-35.9021644592285
27.4377231597900
21.8468456268311
-40.6108970642090
-8.70353126525879
33.2252502441406
18.4164047241211
-41.5274429321289
28.6821346282959
61.1395339965820
19.4964981079102
-13.8933057785034
23.5805892944336
44.1442909240723
15.3705291748047
68.7961578369141
25.7268066406250
-18.8504180908203
45.4177131652832
48.3532066345215
-32.0891876220703
-14.6244678497314
58.9675254821777
37.7311515808106
15.3205814361572
38.4094200134277
18.5229492187500
-6.71328210830689
-1.21452939510345
11.8048696517944
22.9283638000488
-27.4299259185791
-21.9716644287109
44.4578857421875
6.14978742599487
2.74151110649109
3.81903266906738
-9.27207183837891
84.6298522949219
-5.69881629943848
-26.8342514038086
55.8588752746582
-46.8678054809570
-39.6492385864258
-17.8225765228272
15.9555187225342
39.1381568908691
-41.2452812194824
-28.3360862731934
15.2993803024292
3.05924987792969
-25.5242576599121
-29.6490058898926
11.7049856185913
24.7338542938232
-35.4459915161133
-21.8608131408691
10.3976449966431
29.6312160491943
15.3327102661133
-37.4912986755371
46.1559753417969
47.9421882629395
34.3084449768066
23.1190414428711
8.12560176849365
51.0820808410645
-31.7451019287109
31.1526241302490
27.9533653259277
-45.5569267272949
-9.13327598571777
-51.0215339660645
-27.3229293823242
36.5033454895020
41.2920112609863
14.3973312377930
33.7247047424316
28.8956871032715
22.0689201354980
35.7885169982910
38.3776512145996
-15.1288738250732
-17.0898208618164
85.7707214355469
47.7168540954590
29.4926948547363
13.6308898925781
-29.9534473419189
50.0002593994141
40.9499244689941
-41.1266784667969
37.4908065795898
44.7881965637207
-16.4360122680664
11.6473751068115
-15.0983161926270
-1.42448806762695
-24.4291725158691
11.5210561752319
20.3871231079102
-53.4327659606934
39.7141113281250
-4.02239322662354
-29.1198654174805
48.6100120544434
-29.1095867156982
-39.1831436157227
-36.5738105773926
-36.8601150512695
34.4678573608398
42.6962432861328
16.5909500122070
-28.6667098999023
-23.1398563385010
11.8165988922119
20.6366558074951
8.22701263427734
58.8040008544922
5.01934242248535
-37.1947174072266
62.6574478149414
-13.4445133209229
28.8071556091309
56.6772994995117
31.7276592254639
25.2645206451416
-12.4663257598877
46.3011016845703
11.3803062438965
-45.9211502075195
-24.6502723693848
54.3706398010254
-40.1521263122559
-7.56929922103882
32.7928466796875
-26.2083683013916
71.7828063964844
-32.8285064697266
26.5625953674316
32.1456108093262
-36.8623886108398
31.0166683197022
-40.9984016418457
39.3710975646973
37.8122138977051
18.9208183288574
2.54549551010132
-15.2141761779785
35.4402236938477
-25.3180141448975
21.5452957153320
11.6490631103516
-11.2516269683838
-25.6952667236328
-17.2046833038330
-9.36640548706055
-37.1172332763672
33.8791007995606
-31.9247474670410
-36.1186599731445
-25.9352607727051
-33.1910591125488
-12.1580495834351
2.65626144409180
30.5509471893311
-37.2237663269043
39.6437873840332
10.1086435317993
17.0889263153076
17.2420082092285
-29.3627624511719
40.9135742187500
-33.0356407165527
52.3839111328125
58.2092781066895
-8.50445747375488
-5.04272031784058
24.2261943817139
20.1537189483643
-63.4561614990234
43.2890396118164
44.2747993469238
-51.2774276733398
-12.6861848831177
-30.9408054351807
-12.0197563171387
45.4163780212402
-29.8415298461914
-6.93763160705566
-16.6187362670898
2.05381870269775
23.0139541625977
-14.3159017562866
51.8498382568359
-17.2549285888672
6.20203876495361
33.4127311706543
-29.3207321166992
-3.32919836044312
-15.0149984359741
-16.8336067199707
38.3176193237305
2.85703372955322
-43.9647445678711
26.3930549621582
6.39735031127930
-21.7868881225586
36.7589912414551
5.43085289001465
3.86771893501282
55.4835319519043
2.56191444396973
16.4938602447510
10.5036563873291
-23.5556011199951
22.8221015930176
-26.0642185211182
2.30916023254395
21.7548484802246
-16.4500255584717
37.1874580383301
53.2056961059570
23.1157951354980
3.43852949142456
41.2998809814453
11.7453117370605
-22.4960231781006
1.78368186950684
-25.9192619323730
-7.15712165832520
-31.5378208160400
-29.0125656127930
59.4438591003418
-6.62973833084106
-38.6287918090820
49.6804771423340
-5.70657348632813
-35.4496078491211
49.6834716796875
35.1991424560547
31.7992286682129
16.1369705200195
8.87302398681641
52.9109458923340
-9.69332790374756
-17.0280361175537
16.1000118255615
9.90702342987061
21.3176822662354
-16.0281429290772
-4.86305475234985
-12.5619735717773
-46.0863304138184
-27.7052078247070
-10.9978752136230
29.6742610931397
-45.4104499816895
-4.38236427307129
36.0816345214844
-57.7571601867676
1.31620597839355
16.0005798339844
26.2185134887695
48.1518135070801
30.0971775054932
-2.24221420288086
6.69219350814819
17.5066566467285
-16.8458080291748
43.8196411132813
43.2188148498535
-45.6290435791016
25.0111579895020
45.1161193847656
-35.8247070312500
28.5734729766846
-9.37047576904297
-12.6323442459106
-9.80909538269043
-12.7052707672119
37.4333343505859
18.8223018646240
23.7188873291016
-21.9280204772949
42.4281158447266
38.8919105529785
-0.0496058464050293
-12.5058631896973
-34.9662628173828
22.9836044311523
-25.5721645355225
-28.4639873504639
41.3256187438965
31.8037910461426
-31.6811561584473
-27.2767219543457
26.8636360168457
52.4389266967773
-4.94940090179443
-1.07172346115112
65.4696960449219
8.93780136108398
7.47978687286377
-39.3187713623047
5.63259124755859
36.4423904418945
-57.1894950866699
34.9943695068359
-16.1291446685791
-13.4775819778442
33.8051948547363
-23.3834457397461
22.1311149597168
31.0184288024902
29.1212196350098
5.81171226501465
-23.4415340423584
-21.3252887725830
39.7728843688965
2.29203176498413
-40.6196975708008
15.6563339233398
1.30269467830658
2.62851428985596
17.1956329345703
-1.68241691589355
-29.8349533081055
-36.7775459289551
-34.2225189208984
33.6902732849121
8.94066047668457
-10.5510864257813
83.6522674560547
-22.3197708129883
-23.7545566558838
53.2259902954102
-51.2881011962891
-11.0011997222900
47.2961082458496
11.0537958145142
35.1753845214844
0.200197696685791
-41.6946945190430
1.38725996017456
4.91875553131104
2.89971160888672
67.0109100341797
21.7984275817871
-4.77406787872314
69.5358734130859
17.0870895385742
-10.1046009063721
14.5988092422485
15.5969724655151
43.3129615783691
-17.6791458129883
-25.5530624389648
56.0552482604981
5.91671371459961
-26.8671607971191
-10.4395637512207
-5.19723463058472
2.71302485466003
-32.9780921936035
-0.386070489883423
51.9201049804688
-16.0735893249512
-50.5345993041992
65.1207733154297
16.1350479125977
-32.3882293701172
41.8539886474609
32.7158699035645
22.7353534698486
-10.4106550216675
39.8439979553223
47.0311203002930
54.4189338684082
-2.09766197204590
-15.6906366348267
35.2957458496094
-35.3464088439941
8.69425296783447
-6.73689079284668
43.0277862548828
36.7174682617188
2.24901342391968
22.3083209991455
19.1250209808350
42.8372611999512
-5.42066192626953
21.0939750671387
20.2454204559326
18.8475475311279
-9.34567832946777
51.0002288818359
45.1840476989746
-20.9764518737793
57.4931602478027
5.85666418075562
11.0402412414551
0.948605537414551
18.8627243041992
10.3870487213135
-34.3439178466797
44.1856651306152
-2.70464944839478
33.4339561462402
-6.43335247039795
-37.9258728027344
8.35618495941162
-26.7173385620117
-3.50009226799011
-12.8531532287598
-13.4093189239502
5.39047479629517
7.77633571624756
-47.6046600341797
34.3876953125000
72.0615539550781
-17.4303607940674
-46.7327957153320
41.2638282775879
41.8210983276367
-21.7355880737305
60.2426452636719
-10.1876373291016
-44.0113983154297
-8.76082897186279
40.9966697692871
-16.8305206298828
-18.4187164306641
38.7665710449219
-51.6292343139648
4.48070907592773
19.0664272308350
25.0986042022705
27.5778484344482
-7.74623394012451
47.3902587890625
49.1472930908203
5.27078151702881
54.2017440795898
33.1658287048340
-23.4021797180176
63.6156196594238
16.6113967895508
-13.8679866790771
70.4353637695313
22.9966430664063
39.0726242065430
51.2945060729981
13.6082677841187
55.4456710815430
46.2638740539551
-7.20980072021484
-9.76392555236816
53.9376831054688
21.1671047210693
21.6927680969238
36.8711547851563
-19.4153137207031
34.7526855468750
-17.1878871917725
7.93175983428955
73.2648925781250
32.9361495971680
45.2659416198731
5.12647533416748
8.79265022277832
32.7777404785156
4.53604888916016
-38.5095596313477
37.1947708129883
53.7970771789551
-29.3087425231934
-15.5127077102661
-10.2348842620850
-16.7217483520508
0.950193405151367
33.8161849975586
-14.8562994003296
10.8370962142944
14.7048273086548
-48.2131233215332
26.0844764709473
6.67209243774414
-11.3451528549194
6.94752311706543
10.6132316589355
38.6074600219727
2.13016891479492
-12.5925025939941
-28.5573654174805
-2.37694740295410
8.03195953369141
13.1112575531006
51.0539131164551
25.7120323181152
-23.2648048400879
-23.1119480133057
-0.977668762207031
-2.72268295288086
50.6936187744141
50.5209426879883
43.3818168640137
5.69845867156982
-36.2351112365723
24.8699283599854
34.6513023376465
16.6899700164795
36.0284805297852
48.2251739501953
6.48870134353638
39.1423835754395
52.6516914367676
-33.6400413513184
22.1059532165527
33.6349639892578
-43.1280326843262
1.38159179687500
24.0881576538086
67.5968933105469
9.47059822082520
-6.62977504730225
42.2480049133301
-26.6829452514648
54.5231552124023
25.0675182342529
-0.176129639148712
39.9046020507813
-40.4878921508789
-4.30345439910889
29.5376358032227
-15.9537391662598
-4.94413566589356
38.7175750732422
-1.77544188499451
32.5214958190918
59.3161888122559
-6.15424060821533
35.2800025939941
12.2036323547363
-5.60568571090698
40.8065948486328
55.2572860717773
15.9868822097778
47.1271095275879
45.2364120483398
-18.9786338806152
52.5781707763672
-0.220096826553345
27.3119640350342
34.9029846191406
22.8239078521729
33.1704406738281
-48.7181701660156
21.7251586914063
-10.5268049240112
35.0093269348145
-0.666564941406250
-54.4827003479004
67.2018203735352
-0.670614242553711
-34.4071998596191
-27.7207851409912
10.1966381072998
-16.3683509826660
-46.9835700988770
2.14401817321777
22.9594669342041
46.5915298461914
-27.8281345367432
13.8620681762695
-4.69113779067993
-1.05364418029785
79.0726470947266
8.09546184539795
20.8242912292480
47.8506164550781
46.9380073547363
-4.20839786529541
30.5376434326172
38.4871902465820
-29.4254264831543
33.0238533020020
9.53599643707275
11.2445964813232
23.6928672790527
9.76167297363281
-2.17687034606934
-40.6910552978516
-26.6786727905273
-35.1892471313477
34.0795631408691
51.3305282592773
-18.4318408966064
-13.0082540512085
-5.88296651840210
-37.0143089294434
-8.19658374786377
25.7029762268066
-28.7115879058838
-33.7669486999512
33.3858566284180
52.8655014038086
-9.57608032226563
42.9893531799316
8.69801139831543
-37.0400238037109
38.7710494995117
35.0067367553711
46.1757698059082
-6.83017921447754
-23.1171703338623
1.23937892913818
39.0521354675293
45.9353027343750
5.00652456283569
-10.2864637374878
-37.8458061218262
-34.3167266845703
-35.9523429870606
0.559070587158203
43.9147682189941
8.81673431396484
-22.5521526336670
5.94503021240234
30.2959327697754
34.0964355468750
21.0528545379639
7.45712804794312
11.3182582855225
46.0913925170898
34.1084175109863
20.1074161529541
67.0075149536133
-10.6011142730713
0.919088363647461
59.4041328430176
24.7660713195801
23.4125194549561
-5.34056854248047
45.4354896545410
33.9383201599121
5.14908790588379
65.0487442016602
58.5172729492188
-12.1907176971436
-28.3061790466309
45.2224464416504
-12.4331226348877
-5.08529949188232
43.5446281433106
12.3803853988647
-10.6722984313965
-27.9704456329346
59.8112945556641
-3.19122409820557
-7.10615539550781
78.4850311279297
-15.8818101882935
-41.9408416748047
26.8049201965332
68.9892883300781
29.9128341674805
40.2283248901367
20.9671516418457
-35.3272895812988
53.8951950073242
29.3639869689941
-16.3961429595947
68.9847412109375
0.681946516036987
1.42568063735962
48.2430915832520
3.73453593254089
59.8029708862305
-15.3718490600586
-41.5743484497070
56.7182922363281
-18.6742134094238
-5.31731891632080
11.6189479827881
-35.3951568603516
67.1862106323242
8.91701316833496
-14.9919815063477
22.5331020355225
-36.4238929748535
31.1627311706543
0.558357715606690
26.5124015808105
17.0783290863037
-65.2401199340820
35.8839950561523
35.9206314086914
52.1187248229981
13.1430454254150
-6.72651958465576
6.53946018218994
-6.48669338226318
68.7490463256836
-7.39745712280273
-28.4581413269043
-1.51850390434265
53.0550994873047
5.86784458160400
28.0084648132324
32.7883300781250
-38.5117111206055
58.6123390197754
-39.5493240356445
31.3806953430176
27.4668674468994
-53.1909103393555
44.2191467285156
16.3746166229248
-25.8053016662598
-3.99779891967773
47.3226928710938
7.91476535797119
-22.5335521697998
-27.9675464630127
23.9700393676758
-5.10155248641968
-27.3765144348145
34.6436729431152
-14.4234886169434
27.5869560241699
-16.1134624481201
-22.3764610290527
74.2950820922852
9.55790805816650
20.4153118133545
49.2782516479492
-13.2509088516235
-27.7368011474609
45.5941505432129
32.8955192565918
-3.55688023567200
15.9986057281494
17.1735877990723
3.64660310745239
9.65944480895996
48.9840965270996
-0.303276538848877
36.6923522949219
16.2793960571289
-51.4734802246094
23.4733867645264
52.2272224426270
24.3415660858154
-59.5544281005859
16.9514846801758
63.4017944335938
-43.3391723632813
11.0401058197021
-7.63754034042358
-53.1227722167969
8.96214580535889
-14.3307485580444
-3.89960384368897
62.2878913879395
16.4153633117676
24.4921455383301
35.3108596801758
-8.65531539916992
43.1780776977539
19.1292381286621
38.7909774780273
9.63329601287842
-49.1624374389648
12.6399040222168
-28.8926029205322
5.78558588027954
-6.56059074401856
-36.4224090576172
-26.2398376464844
-49.9756927490234
39.8974037170410
20.0138206481934
37.5929756164551
2.55577898025513
-46.2115516662598
58.4708251953125
-12.2441425323486
-23.8547191619873
29.8682670593262
-4.35075092315674
-13.7161035537720
1.57400989532471
41.7677650451660
22.1876525878906
-33.5084686279297
-5.45807838439941
-1.20670604705811
-51.5747947692871
2.07226181030273
0.958442687988281
-39.6073455810547
13.0883769989014
16.3686561584473
-26.7634124755859
-29.2357921600342
42.7832794189453
42.9316329956055
-2.87229347229004
-1.96754026412964
-33.0975723266602
3.92315292358398
51.1563568115234
46.3062477111816
15.0648145675659
-17.0414123535156
-20.7484607696533
-5.61027526855469
43.5716438293457
41.2575073242188
8.13238716125488
-5.23770141601563
23.4465847015381
1.54947948455811
-23.9052238464355
60.6476554870606
1.97566080093384
-63.2581367492676
29.4439754486084
46.1890068054199
31.0562286376953
14.3044147491455
47.6570472717285
42.7421340942383
-49.0473976135254
37.8936500549316
79.2672805786133
8.11417007446289
3.06665396690369
-22.9352855682373
-27.6915893554688
10.4781360626221
28.1136398315430
1.66779518127441
-42.5520744323731
-34.5336227416992
-18.9881858825684
37.3935394287109
33.3348045349121
-45.8430099487305
-3.79301166534424
-0.583800315856934
23.2153759002686
16.5764522552490
-5.19871425628662
34.9315490722656
-23.1686401367188
46.1027526855469
48.9019508361816
18.3416233062744
56.9624214172363
-9.03030776977539
25.1844329833984
21.6901435852051
10.2911977767944
10.8108501434326
-28.4327487945557
64.6276016235352
43.9088859558106
-48.3801956176758
46.8867073059082
48.0876731872559
-24.2247676849365
38.0593566894531
64.9973907470703
34.8822326660156
-0.871964454650879
2.47253966331482
7.67946290969849
-11.1236190795898
43.4503593444824
49.1222190856934
-9.35067844390869
-16.6777801513672
-20.2659587860107
-4.24927234649658
0.0512204170227051
17.3743782043457
34.4693298339844
12.7329349517822
-8.24698448181152
-3.01785612106323
28.7349319458008
-16.6474895477295
32.8745765686035
44.6197509765625
9.22344970703125
69.1224441528320
1.76472091674805
28.5524253845215
33.9312210083008
27.1539802551270
30.5118503570557
-35.1748313903809
62.0358123779297
23.6890525817871
27.6632843017578
11.8351030349731
-20.6472415924072
27.1541099548340
3.30979394912720
0.204575538635254
-18.8036708831787
22.9318141937256
-39.7635231018066
34.3872604370117
21.9177055358887
3.73379421234131
43.5245819091797
-16.6789207458496
33.1516189575195
-32.8514328002930
23.9300308227539
51.5294647216797
45.8805236816406
